SR1 T_liq
0.0	465.27394699999996
2.0	465.27394699999996
4.0	465.564627
6.0	465.709753
8.0	465.85491
10.0	465.85491
12.0	465.92748099999994
14.0	465.92748099999994
16.0	466.00006699999994
18.0	465.85491
20.0	465.637198
22.0	465.49393299999997
24.0	465.492041
26.0	465.564627
28.0	465.57167699999997
30.0	465.664938
32.0	465.564627
34.0	465.637198
36.0	465.637198
38.0	465.867239
40.0	465.85491
42.0	465.85491
44.0	465.92748099999994
46.0	465.862982
48.0	465.782431
50.0	465.85863299999994
52.0	466.000311
54.0	466.145224
56.0	466.21779499999997
58.0	466.21779499999997
60.0	466.387061
62.0	466.539542
64.0	466.50807799999995
66.0	466.145224
68.0	465.96376599999996
70.0	465.79004499999996
72.0	465.642599
74.0	465.56706799999995
76.0	465.57167699999997
78.0	465.41947
80.0	465.347571
82.0	465.352469
84.0	465.35112599999997
86.0	465.564627
88.0	465.656348
90.0	465.492239
92.0	465.21706199999994
94.0	464.919989
96.0	464.621222
98.0	464.51286899999997
100.0	464.57886399999995
102.0	464.86876499999994
104.0	465.366476
106.0	465.383551
108.0	464.948309
110.0	464.800482
112.0	464.73058199999997
114.0	464.658011
116.0	464.73058199999997
118.0	464.56584799999996
120.0	464.36582
122.0	464.222571
124.0	464.077414
126.0	463.85970199999997
128.0	463.569388
130.0	463.351675
132.0	463.424246
134.0	463.641959
136.0	463.85970199999997
138.0	463.93225699999994
140.0	464.00484299999994
142.0	463.93225699999994
144.0	463.93225699999994
146.0	463.787115
148.0	463.85970199999997
150.0	464.00484299999994
152.0	464.00484299999994
154.0	464.00484299999994
156.0	464.00484299999994
158.0	464.00484299999994
160.0	464.077414
162.0	464.077414
164.0	463.787115
166.0	463.641959
168.0	463.279089
170.0	463.20651899999996
172.0	463.133948
174.0	463.20651899999996
176.0	463.061377
178.0	462.98880599999995
180.0	462.771078
182.0	462.91621999999995
184.0	463.133948
186.0	463.351675
188.0	463.641959
190.0	463.85970199999997
192.0	464.00484299999994
194.0	463.93225699999994
196.0	463.714545
198.0	463.641959
200.0	463.351675
202.0	463.133948
204.0	462.98880599999995
206.0	462.98880599999995
208.0	462.84364899999997
210.0	462.771078
212.0	462.62592199999995
214.0	462.55335099999996
216.0	462.69850799999995
218.0	463.061377
220.0	463.351675
222.0	463.569388
224.0	463.714545
226.0	463.641959
228.0	463.496832
230.0	462.98880599999995
232.0	462.69850799999995
234.0	462.62592199999995
236.0	462.62592199999995
238.0	462.771078
240.0	462.98880599999995
242.0	462.771078
244.0	462.771078
246.0	462.771078
248.0	462.84364899999997
250.0	462.98880599999995
252.0	462.91621999999995
254.0	462.91621999999995
256.0	462.91621999999995
258.0	462.91621999999995
260.0	462.91621999999995
262.0	462.98880599999995
264.0	462.98880599999995
266.0	462.91621999999995
268.0	462.771078
270.0	462.62592199999995
272.0	462.33562299999994
274.0	461.972754
276.0	461.755026
278.0	461.537314
280.0	461.392157
282.0	461.537314
284.0	461.682455
286.0	461.972754
288.0	462.117896
290.0	461.97313499999996
292.0	461.900565
294.0	461.827994
296.0	461.900565
298.0	462.118277
300.0	462.194067
302.0	462.26343399999996
304.0	462.263693
306.0	462.198721
308.0	462.118277
310.0	462.047186
312.0	462.04572099999996
314.0	462.120139
316.0	462.33601999999996
318.0	462.341498
320.0	462.118277
322.0	461.97313499999996
324.0	461.837485
326.0	461.635474
328.0	461.422491
330.0	461.18890999999996
332.0	461.13100299999996
334.0	461.25078399999995
336.0	461.332846
338.0	461.476584
340.0	461.498343
342.0	461.548102
344.0	461.559332
346.0	461.40443999999997
348.0	461.322211
350.0	461.25131799999997
352.0	461.201559
354.0	461.46542999999997
356.0	461.703879
358.0	461.707404
360.0	461.48479299999997
362.0	461.39253799999994
364.0	461.34026199999994
366.0	461.19049699999994
368.0	461.184988
370.0	461.10249899999997
372.0	461.111365
374.0	461.255804
376.0	461.342673
378.0	461.466772
380.0	461.769598
382.0	462.04648399999996
384.0	462.28526899999997
386.0	462.36199
388.0	462.34615199999996
390.0	462.33601999999996
392.0	462.26947599999994
394.0	462.153723
396.0	462.003836
398.0	461.828299
400.0	461.77056
402.0	461.561957
404.0	461.56413899999995
406.0	461.646704
408.0	461.33223599999997
410.0	460.91711999999995
412.0	460.70392499999997
414.0	460.326865
416.0	460.19589799999994
418.0	460.23886699999997
420.0	460.457678
422.0	460.824789
424.0	461.139349
426.0	461.262549
428.0	461.49060699999995
430.0	461.71156899999994
432.0	461.77342799999997
434.0	461.640448
436.0	461.502234
438.0	461.211554
440.0	460.775046
442.0	460.55863
444.0	460.473883
446.0	460.485129
448.0	460.546271
450.0	460.558249
452.0	460.77648
454.0	461.06305499999996
456.0	461.139349
458.0	461.13808299999994
460.0	461.139349
462.0	461.211935
464.0	461.28450599999996
466.0	461.066779
468.0	460.849066
470.0	460.70392499999997
472.0	460.63133899999997
474.0	460.921637
476.0	460.99420799999996
478.0	461.139349
480.0	461.211935
482.0	461.28450599999996
484.0	461.28450599999996
486.0	461.211935
488.0	461.211935
490.0	461.28450599999996
492.0	461.139349
494.0	461.066779
496.0	460.921637
498.0	460.84944799999994
500.0	461.06715999999994
502.0	461.502936
504.0	461.792914
506.0	461.93805499999996
508.0	462.01064099999996
510.0	461.939703
512.0	461.72034299999996
514.0	461.43093
516.0	461.28757299999995
518.0	461.212576
520.0	461.234991
522.0	461.21572
524.0	461.06715999999994
526.0	461.01293
528.0	461.144583
530.0	461.212317
532.0	461.14556
534.0	461.08431099999996
536.0	461.005774
538.0	461.02005599999995
540.0	461.174384
542.0	461.159262
544.0	461.016013
546.0	460.93625499999996
548.0	460.79450099999997
550.0	460.591132
552.0	460.59241299999996
554.0	460.52205499999997
556.0	460.52196399999997
558.0	460.564932
560.0	460.741171
562.0	460.65439499999997
564.0	460.595694
566.0	460.66738
568.0	460.733298
570.0	460.958884
572.0	461.022543
574.0	460.95741899999996
576.0	460.958884
578.0	460.886313
580.0	461.098257
582.0	461.39433899999995
584.0	461.757208
586.0	461.90234999999996
588.0	461.81905199999994
590.0	461.46691
592.0	461.176611
594.0	461.03147
596.0	461.03147
598.0	461.39433899999995
600.0	461.90234999999996
602.0	462.19264799999996
604.0	462.19264799999996
606.0	462.120078
608.0	461.829779
610.0	461.68463699999995
612.0	461.46691
614.0	461.249182
616.0	460.958884
618.0	460.523444
620.0	460.087988
622.0	459.942847
624.0	459.942847
626.0	460.16095599999994
628.0	460.523825
630.0	460.814124
632.0	461.03185099999996
634.0	461.325873
636.0	461.689154
638.0	462.06981499999995
640.0	462.360846
642.0	462.19589799999994
644.0	461.994742
646.0	461.840201
648.0	461.714331
650.0	461.63838799999996
652.0	461.431586
654.0	461.21385799999996
656.0	461.21385799999996
658.0	461.068716
660.0	460.99381099999994
662.0	461.068716
664.0	461.359
666.0	461.504141
668.0	461.504141
670.0	461.286429
672.0	461.14127199999996
674.0	461.14127199999996
676.0	461.286429
678.0	461.721884
680.0	462.012167
682.0	461.79445499999997
684.0	461.576727
686.0	461.359
688.0	461.21385799999996
690.0	461.21385799999996
692.0	461.359
694.0	461.649298
696.0	461.93959699999994
698.0	462.084753
700.0	461.867026
702.0	461.649298
704.0	461.576727
706.0	461.649298
708.0	461.79445499999997
710.0	462.084753
712.0	462.22989499999994
714.0	462.157324
716.0	462.22989499999994
718.0	462.084753
720.0	461.93959699999994
722.0	461.79445499999997
724.0	461.504141
726.0	461.21385799999996
728.0	461.068716
730.0	461.068716
732.0	461.359
734.0	461.576727
736.0	461.492209
738.0	461.359
740.0	461.431586
742.0	461.431586
744.0	461.721884
746.0	462.084753
748.0	462.44762299999996
750.0	462.592764
752.0	462.52019299999995
754.0	462.44762299999996
756.0	462.300574
758.0	462.012167
760.0	461.721884
762.0	461.431586
764.0	461.359
766.0	461.286429
768.0	461.49965499999996
770.0	461.78209499999997
772.0	462.14194299999997
774.0	462.344611
776.0	462.42351399999995
778.0	462.511084
780.0	462.421164
782.0	462.29784199999995
784.0	462.07797899999997
786.0	461.99286499999994
788.0	462.04788799999994
790.0	462.12114599999995
792.0	461.908774
794.0	461.84120799999994
796.0	461.77797499999997
798.0	461.541342
800.0	461.32224099999996
802.0	460.981116
804.0	460.74222399999996
806.0	460.682104
808.0	461.04604199999994
810.0	461.77480199999997
812.0	462.128424
814.0	462.130865
816.0	462.07318699999996
818.0	461.90915499999994
820.0	461.705603
822.0	461.634146
824.0	461.56926599999997
826.0	461.570197
828.0	461.649298
830.0	461.935294
832.0	462.01073299999996
834.0	462.008459
836.0	462.012167
838.0	462.06751099999997
840.0	462.27960799999994
842.0	462.59197099999994
844.0	462.729605
846.0	462.568228
848.0	462.514365
850.0	462.443488
852.0	462.300803
854.0	462.084753
856.0	461.90906399999994
858.0	462.00264599999997
860.0	462.20215499999995
862.0	462.301184
864.0	462.302466
866.0	462.355139
868.0	462.445959
870.0	462.591864
872.0	462.874762
874.0	463.082007
876.0	463.099646
878.0	462.779547
880.0	462.579596
882.0	462.42832
884.0	462.30065
886.0	462.302466
888.0	462.219839
890.0	462.157324
892.0	462.084753
894.0	462.084753
896.0	462.084753
898.0	462.157324
900.0	462.22989499999994
902.0	462.375052
904.0	462.52019299999995
906.0	462.66533499999997
908.0	462.592764
910.0	462.084753
912.0	461.504141
914.0	461.431586
916.0	461.359
918.0	461.359
920.0	461.867026
922.0	462.22989499999994
924.0	462.302466
926.0	462.302466
928.0	462.22989499999994
930.0	462.157324
932.0	462.158286
934.0	462.230276
936.0	462.230276
938.0	462.230276
940.0	462.230276
942.0	462.375433
944.0	462.53304099999997
946.0	462.910529
948.0	463.131873
950.0	462.979971
952.0	462.70246
954.0	462.529807
956.0	462.40509599999996
958.0	462.339972
960.0	462.33994099999995
962.0	462.1948
964.0	462.02849399999997
966.0	461.904532
968.0	461.904532
970.0	461.904532
972.0	461.904532
974.0	461.97710299999994
976.0	462.339972
978.0	462.557715
980.0	462.775427
982.0	462.775427
984.0	462.775427
986.0	462.63027
988.0	462.63027
990.0	462.557715
992.0	462.557715
994.0	462.412558
996.0	462.339972
998.0	462.26740099999995
1000.0	462.19482999999997
1002.0	462.12226
1004.0	462.12226
1006.0	462.12226
1008.0	462.19482999999997
1010.0	462.412558
1012.0	462.485129
1014.0	462.63027
1016.0	462.702856
1018.0	462.702856
1020.0	462.702856
1022.0	462.702856
1024.0	462.557715
1026.0	462.485129
1028.0	462.412558
1030.0	462.339972
1032.0	462.19482999999997
1034.0	462.12226
1036.0	461.97710299999994
1038.0	461.97710299999994
1040.0	462.26740099999995
1042.0	462.339972
1044.0	462.339972
1046.0	462.12226
1048.0	462.04968899999994
1050.0	461.97710299999994
1052.0	461.97710299999994
1054.0	461.97710299999994
1056.0	462.04968899999994
1058.0	462.26740099999995
1060.0	462.485129
1062.0	462.557715
1064.0	462.485129
1066.0	462.26740099999995
1068.0	462.12226
1070.0	461.97710299999994
1072.0	461.831961
1074.0	461.75938999999994
1076.0	461.75938999999994
1078.0	461.904532
1080.0	462.26740099999995
1082.0	462.339972
1084.0	462.339972
1086.0	462.339972
1088.0	462.339972
1090.0	462.339972
1092.0	462.19482999999997
1094.0	461.97710299999994
1096.0	461.831961
1098.0	461.904532
1100.0	461.75938999999994
1102.0	461.904532
1104.0	461.97710299999994
1106.0	461.904532
1108.0	461.904532
1110.0	461.904532
1112.0	462.19482999999997
1114.0	462.485129
1116.0	462.702856
1118.0	462.775427
1120.0	462.775427
1122.0	462.63027
1124.0	462.557715
1126.0	462.339972
1128.0	462.19482999999997
1130.0	462.04968899999994
1132.0	461.904532
1134.0	461.75938999999994
1136.0	461.614233
1138.0	461.54501999999997
1140.0	461.39690199999995
1142.0	460.888876
1144.0	460.235709
1146.0	459.14708599999994
1148.0	458.05846299999996
1150.0	456.824713
1152.0	455.66351899999995
1154.0	454.647467
1156.0	453.63142999999997
1158.0	452.542807
1160.0	451.454199
1162.0	450.366095
1164.0	449.27695299999993
1166.0	448.04386
1168.0	446.954565
1170.0	445.938788
1172.0	444.998785
1174.0	443.97901
1176.0	443.253775
1178.0	442.45496199999997
1180.0	441.656638
1182.0	441.00591099999997
1184.0	440.423636
1186.0	439.84249
1188.0	439.49997599999995
1190.0	439.071951
1192.0	438.25618599999996
1194.0	437.52196399999997
1196.0	436.881964
1198.0	436.227438
1200.0	435.417563
1202.0	434.578696
1204.0	433.756171
1206.0	433.11249399999997
1208.0	432.537283
1210.0	432.11366899999996
1212.0	431.81963199999996
1214.0	431.531393
1216.0	431.46048599999995
1218.0	431.604742
1220.0	432.11366899999996
1222.0	432.766837
1224.0	433.492575
1226.0	434.218329
1228.0	434.702933
1230.0	435.08853799999997
1232.0	435.23436599999997
1234.0	435.30693699999995
1236.0	435.30437299999994
1238.0	435.452078
1240.0	435.431693
1242.0	435.524664
1244.0	435.669806
1246.0	435.88753399999996
1248.0	436.540701
1250.0	437.624152
1252.0	438.93566
1254.0	439.733969
1256.0	440.387152
1258.0	440.822592
1260.0	441.04031999999995
1262.0	441.112891
1264.0	441.185461
1266.0	441.17923599999995
1268.0	441.33061799999996
1270.0	441.33061799999996
1272.0	441.33061799999996
1274.0	441.47576
1276.0	441.983786
1278.0	442.782111
1280.0	443.58043499999997
1282.0	444.233603
1284.0	444.74161399999997
1286.0	445.10448299999996
1288.0	445.17706899999996
1290.0	445.24964
1292.0	445.322226
1294.0	445.394797
1296.0	445.24964
1298.0	444.74161399999997
1300.0	444.233603
1302.0	443.58043499999997
1304.0	442.85468099999997
1306.0	441.983786
1308.0	441.258047
1310.0	440.60488
1312.0	440.02428299999997
1314.0	439.44368599999996
1316.0	438.93566
1318.0	438.57279099999994
1320.0	438.282492
1322.0	438.282492
1324.0	438.79051799999996
1326.0	439.951712
1328.0	441.548346
1330.0	443.290121
1332.0	444.81419999999997
1334.0	446.120535
1336.0	447.13658799999996
1338.0	447.935278
1340.0	448.53694799999994
1342.0	448.80617399999994
1344.0	448.80617399999994
1346.0	448.661017
1348.0	448.37073399999997
1350.0	447.935278
1352.0	447.49994499999997
1354.0	447.13696899999997
1356.0	446.774542
1358.0	446.266165
1360.0	445.841345
1362.0	445.262106
1364.0	444.814581
1366.0	444.379355
1368.0	443.953741
1370.0	443.51097699999997
1372.0	443.080023
1374.0	442.720328
1376.0	442.35784
1378.0	442.06670199999996
1380.0	441.76703499999996
1382.0	441.549765
1384.0	441.403815
1386.0	441.262457
1388.0	441.12039799999997
1390.0	440.97193
1392.0	440.84471699999995
1394.0	440.767569
1396.0	440.701575
1398.0	440.607809
1400.0	440.55789799999997
1402.0	440.549628
1404.0	440.53327
1406.0	440.607153
1408.0	440.751089
1410.0	440.89623099999994
1412.0	441.058401
1414.0	441.127921
1416.0	441.18955099999994
1418.0	441.25893199999996
1420.0	441.331
1422.0	441.405219
1424.0	441.62489899999997
1426.0	441.76656199999996
1428.0	441.927649
1430.0	442.059195
1432.0	442.129324
1434.0	442.30301499999996
1436.0	442.51827099999997
1438.0	442.60017999999997
1440.0	442.74173599999995
1442.0	442.88962399999997
1444.0	442.94414399999994
1446.0	443.174033
1448.0	443.30647899999997
1450.0	443.462988
1452.0	443.61623199999997
1454.0	443.83540999999997
1456.0	443.957892
1458.0	444.12492999999995
1460.0	444.26712599999996
1462.0	444.41599099999996
1464.0	444.63348999999994
1466.0	444.77887599999997
1468.0	444.99660299999994
1470.0	445.210593
1472.0	445.43204299999996
1474.0	445.577185
1476.0	445.72234199999997
1478.0	445.94007
1480.0	446.08521099999996
1482.0	446.230353
1484.0	446.37550999999996
1486.0	446.44809599999996
1488.0	446.593237
1490.0	446.738379
1492.0	446.88353599999994
1494.0	447.101263
1496.0	447.246405
1498.0	447.46413299999995
1500.0	447.536703
1502.0	447.68184499999995
1504.0	447.899588
1506.0	448.04472999999996
1508.0	448.189871
1510.0	448.262457
1512.0	448.407599
1514.0	448.62532699999997
1516.0	448.697897
1518.0	448.843039
1520.0	448.843039
1522.0	448.988196
1524.0	449.06076699999994
1526.0	449.06076699999994
1528.0	449.133337
1530.0	449.133337
1532.0	449.133719
1534.0	449.133719
1536.0	449.206305
1538.0	449.21002799999997
1540.0	449.206305
1542.0	449.206305
1544.0	449.27887599999997
1546.0	449.27887599999997
1548.0	449.351447
1550.0	449.42401699999994
1552.0	449.49660299999994
1554.0	449.49660299999994
1556.0	449.569174
1558.0	449.641745
1560.0	449.569174
1562.0	449.569174
1564.0	449.49660299999994
1566.0	449.42401699999994
1568.0	449.42401699999994
1570.0	449.351447
1572.0	449.27887599999997
1574.0	449.27887599999997
1576.0	449.133719
1578.0	449.061148
1580.0	448.98857699999996
1582.0	448.98857699999996
1584.0	448.92307099999994
1586.0	448.98857699999996
1588.0	449.016577
1590.0	449.14563599999997
1592.0	449.133719
1594.0	449.28311799999994
1596.0	449.430502
1598.0	449.66280199999994
1600.0	449.934836
1602.0	450.149771
TERM
