SR1 T_liq
0.0	509.668051
2.0	508.05405299999995
4.0	507.687216
6.0	507.759375
8.0	508.78767999999997
10.0	507.32039499999996
12.0	507.02695299999993
14.0	508.344977
16.0	507.83394499999997
18.0	506.293311
20.0	507.54050299999994
22.0	507.393774
24.0	506.073203
26.0	505.778983
28.0	508.121893
30.0	507.02695299999993
32.0	505.691672
34.0	506.660132
36.0	506.338599
38.0	506.584952
40.0	505.33502799999997
42.0	506.57511
44.0	506.29189099999996
46.0	504.44756199999995
48.0	507.21504799999997
50.0	506.773093
52.0	504.822043
54.0	505.90172399999994
56.0	506.41725799999995
58.0	504.89542199999994
60.0	504.895316
62.0	506.485556
64.0	505.118155
66.0	503.421286
68.0	506.505118
70.0	506.3505
72.0	504.459204
74.0	505.988211
76.0	506.12961399999995
78.0	504.092307
80.0	505.178076
82.0	505.335425
84.0	505.486304
86.0	503.577948
88.0	506.19940799999995
90.0	505.853125
92.0	503.798941
94.0	506.366675
96.0	504.752661
98.0	503.865439
100.0	506.073203
102.0	504.530219
104.0	504.447714
106.0	505.33931599999994
108.0	504.459204
110.0	504.165732
112.0	505.838843
114.0	504.23866899999996
116.0	504.52674
118.0	504.66301599999997
120.0	505.45249
122.0	503.13654199999996
124.0	505.23259599999994
126.0	505.599112
128.0	503.783865
130.0	504.056784
132.0	504.940482
134.0	504.060873
136.0	503.772498
138.0	505.670554
140.0	504.64352999999994
142.0	503.249548
144.0	504.35443699999996
146.0	506.18410299999994
148.0	503.1155
150.0	505.029227
152.0	504.49672499999997
154.0	504.35390299999995
156.0	502.95607599999994
158.0	506.550925
160.0	504.27753299999995
162.0	503.91049799999996
164.0	504.350012
166.0	504.49672499999997
168.0	504.05882899999995
170.0	503.397925
172.0	505.37709699999994
174.0	503.41104699999994
176.0	503.616354
178.0	504.643454
180.0	503.46962599999995
182.0	504.350012
184.0	503.46962599999995
186.0	504.71683299999995
188.0	502.29581299999995
190.0	505.08365499999996
192.0	503.616354
194.0	503.836462
196.0	503.983557
198.0	503.17731299999997
200.0	504.27664799999997
202.0	503.176184
204.0	505.161017
206.0	502.07570499999997
208.0	505.38005699999997
210.0	503.851401
212.0	501.64789399999995
214.0	505.393988
216.0	503.998495
218.0	502.771826
220.0	502.54892599999994
222.0	504.35043899999994
224.0	503.717719
226.0	502.663306
228.0	505.08624899999995
230.0	502.88361199999997
232.0	502.46494099999995
234.0	504.863547
236.0	502.59873
238.0	502.397772
240.0	504.209006
242.0	503.836462
244.0	501.85562699999997
246.0	504.644583
248.0	503.61641499999996
250.0	501.70891399999994
252.0	503.616354
254.0	505.08365499999996
256.0	500.388327
258.0	504.20328399999994
260.0	503.763098
262.0	501.048636
264.0	504.42337599999996
266.0	503.39627699999994
268.0	502.07570499999997
270.0	502.29594999999995
272.0	505.08365499999996
274.0	501.646353
276.0	503.176184
278.0	503.98317599999996
280.0	501.635626
282.0	502.882727
284.0	503.90982699999995
286.0	501.48880599999995
288.0	502.29581299999995
290.0	503.46962599999995
292.0	501.70891399999994
294.0	503.102805
296.0	502.956168
298.0	501.85562699999997
300.0	502.589255
302.0	502.442526
304.0	504.350012
306.0	501.342078
308.0	503.90982699999995
310.0	502.66263399999997
312.0	501.48880599999995
314.0	504.49672499999997
316.0	501.928992
318.0	503.176184
320.0	501.70891399999994
322.0	504.42337599999996
324.0	502.149084
326.0	500.388327
328.0	503.689734
330.0	500.755164
332.0	501.562186
334.0	504.129904
336.0	501.268713
338.0	501.41542699999997
340.0	503.836462
342.0	503.322897
344.0	500.97525599999994
346.0	504.20328399999994
348.0	503.763098
350.0	500.314978
352.0	504.056555
354.0	502.882727
356.0	501.41542699999997
358.0	502.442526
360.0	504.643454
362.0	500.901877
364.0	502.369177
366.0	504.570105
368.0	501.48880599999995
370.0	501.928992
372.0	503.836462
374.0	502.442526
376.0	501.048636
378.0	503.322897
380.0	502.882727
382.0	501.268713
384.0	502.735999
386.0	502.66263399999997
388.0	501.41542699999997
390.0	503.102805
392.0	502.66263399999997
394.0	501.562186
396.0	502.589255
398.0	501.78226299999994
400.0	503.322897
402.0	501.195364
404.0	503.102805
406.0	502.29581299999995
408.0	501.70891399999994
410.0	503.249548
412.0	501.48880599999995
414.0	503.98317599999996
416.0	502.09014
418.0	502.59107099999994
420.0	503.763098
422.0	501.342078
424.0	503.249548
426.0	502.442526
428.0	501.268713
430.0	503.836462
432.0	502.735999
434.0	501.268713
436.0	502.735999
438.0	502.95607599999994
440.0	502.515906
442.0	501.70891399999994
444.0	504.350012
446.0	501.437506
448.0	502.00235599999996
450.0	503.469885
452.0	501.85562699999997
454.0	503.181677
456.0	502.59014
458.0	503.689734
460.0	502.222449
462.0	502.882727
464.0	504.129904
466.0	501.562186
468.0	504.20328399999994
470.0	502.882727
472.0	502.38605299999995
474.0	503.322897
476.0	502.66263399999997
478.0	502.809348
480.0	503.39627699999994
482.0	503.102805
484.0	502.95607599999994
486.0	502.589255
488.0	505.157004
490.0	502.222449
492.0	502.95607599999994
494.0	505.230368
496.0	502.29581299999995
498.0	503.763098
500.0	504.056555
502.0	502.66263399999997
504.0	503.543005
506.0	505.010275
508.0	502.809348
510.0	502.882727
512.0	505.523825
514.0	503.46962599999995
516.0	503.176184
518.0	505.303748
520.0	503.689734
522.0	502.809348
524.0	504.056555
526.0	504.93692599999997
528.0	502.882727
530.0	505.303748
532.0	504.056555
534.0	503.689734
536.0	505.230368
538.0	504.20328399999994
540.0	503.763098
542.0	504.790198
544.0	506.18410299999994
546.0	503.322897
548.0	504.350012
550.0	506.550925
552.0	503.46962599999995
554.0	505.157004
556.0	504.790198
558.0	504.20328399999994
560.0	505.010275
562.0	505.230368
564.0	504.350012
566.0	504.056555
568.0	507.21120299999995
570.0	504.27664799999997
572.0	505.37709699999994
574.0	506.62430399999994
576.0	504.93692599999997
578.0	504.643454
580.0	506.037375
582.0	507.21120299999995
584.0	504.93692599999997
586.0	506.62430399999994
588.0	505.670554
590.0	505.08365499999996
592.0	506.91774599999997
594.0	507.871497
596.0	503.689734
598.0	506.477576
600.0	506.257483
602.0	504.20328399999994
604.0	504.790198
606.0	505.523825
608.0	505.230368
610.0	503.543005
612.0	506.257483
614.0	504.42337599999996
616.0	503.176184
618.0	503.90982699999995
620.0	504.863547
622.0	502.95607599999994
624.0	503.836462
626.0	506.477576
628.0	503.90982699999995
630.0	504.643454
632.0	504.790198
634.0	503.836462
636.0	504.570105
638.0	504.570105
640.0	504.71683299999995
642.0	504.349631
644.0	504.496359
646.0	504.789832
648.0	505.89027999999996
650.0	503.83575999999994
652.0	506.110373
654.0	505.30338099999994
656.0	504.789832
658.0	504.716452
660.0	505.230002
662.0	505.06332999999995
664.0	504.276282
666.0	505.156638
668.0	506.91738
670.0	504.349631
672.0	507.357581
674.0	505.67018699999994
676.0	505.596823
678.0	505.523459
680.0	506.47719399999994
682.0	505.083289
684.0	505.083289
686.0	508.604742
688.0	506.110373
690.0	506.037009
692.0	507.504309
694.0	506.110373
696.0	506.40382999999997
698.0	507.210822
700.0	506.623923
702.0	505.37672999999995
704.0	506.99075899999997
706.0	508.237921
708.0	506.55055799999997
710.0	509.118292
712.0	506.257101
714.0	507.137473
716.0	509.3384
718.0	507.064108
720.0	507.210822
722.0	507.137473
724.0	509.265021
726.0	507.137473
728.0	507.577658
730.0	509.265021
732.0	507.28420099999994
734.0	508.971579
736.0	507.944479
738.0	507.944479
740.0	508.16457199999996
742.0	508.458029
744.0	508.384665
746.0	507.431296
748.0	508.898596
750.0	508.458395
752.0	508.091574
754.0	508.678503
756.0	509.55887499999994
758.0	508.531775
760.0	507.431296
762.0	511.172873
764.0	509.63222399999995
766.0	508.751852
768.0	509.55887499999994
770.0	509.11867399999994
772.0	508.605124
774.0	510.29248699999994
776.0	509.412146
778.0	509.485495
780.0	509.485495
782.0	509.412146
784.0	511.53969399999994
786.0	509.77857099999994
788.0	510.43886399999997
790.0	509.558493
792.0	509.92533
794.0	512.126242
796.0	509.77857099999994
798.0	511.099142
800.0	510.43886399999997
802.0	510.072043
804.0	511.24587099999997
806.0	510.072043
808.0	510.80566999999996
810.0	510.65894199999997
812.0	510.43886399999997
814.0	510.51222799999994
816.0	511.46329299999996
818.0	510.65894199999997
820.0	511.099142
822.0	510.80566999999996
824.0	511.465964
826.0	510.43886399999997
828.0	511.392599
830.0	513.079962
832.0	511.172491
834.0	511.392599
836.0	511.97952899999996
838.0	511.539313
840.0	510.87905
842.0	511.90614899999997
844.0	513.81362
846.0	511.759421
848.0	512.126242
850.0	512.0526179999999
852.0	512.125998
854.0	511.83277
856.0	512.78652
858.0	511.612692
860.0	512.272971
862.0	513.060477
864.0	512.1995909999999
866.0	511.81720599999994
868.0	513.225928
870.0	514.223624
872.0	512.272833
874.0	513.9263209999999
876.0	513.3489139999999
878.0	512.552863
880.0	513.201865
882.0	513.487753
884.0	513.005484
886.0	512.561987
888.0	515.326376
890.0	513.81301
892.0	512.8363099999999
894.0	515.982123
896.0	513.648901
898.0	514.09075
900.0	513.590689
902.0	514.6666319999999
904.0	512.833624
906.0	514.526617
908.0	515.7040159999999
910.0	513.416617
912.0	515.33515
914.0	515.845282
916.0	513.85784
918.0	515.391531
920.0	515.09989
922.0	513.850882
924.0	514.1005769999999
926.0	517.5134029999999
928.0	515.321829
930.0	514.238409
932.0	517.6530359999999
934.0	516.051825
936.0	514.951361
938.0	516.051825
940.0	515.09809
942.0	515.7583529999999
944.0	515.3209899999999
946.0	515.544028
948.0	515.611624
950.0	515.035529
952.0	516.142462
954.0	515.6850039999999
956.0	515.331427
958.0	514.964651
960.0	517.239203
962.0	516.062521
964.0	515.3330599999999
966.0	516.347037
968.0	515.855429
970.0	515.5403349999999
972.0	516.887854
974.0	515.711691
976.0	516.665808
978.0	515.913947
980.0	516.209082
982.0	516.010992
984.0	515.79444
986.0	518.392325
988.0	516.290793
990.0	516.154318
992.0	517.615942
994.0	516.447806
996.0	516.220206
998.0	517.31481
1000.0	516.449194
1002.0	516.381369
1004.0	517.041418
1006.0	517.0416319999999
1008.0	516.160498
1010.0	517.826498
1012.0	517.1873989999999
1014.0	516.233176
1016.0	517.9744019999999
1018.0	517.5451419999999
1020.0	516.894919
1022.0	517.0416319999999
1024.0	517.902869
1026.0	516.968268
1028.0	517.1873989999999
1030.0	517.9744019999999
1032.0	517.330496
1034.0	517.258963
1036.0	517.688223
1038.0	518.189047
1040.0	517.115012
1042.0	517.902869
1044.0	518.332129
1046.0	517.688223
1048.0	517.473578
1050.0	519.906134
1052.0	518.04595
1054.0	517.902869
1056.0	518.4755769999999
1058.0	518.404044
1060.0	518.046317
1062.0	518.046317
1064.0	519.047949
1066.0	518.189398
1068.0	518.404044
1070.0	518.761771
1072.0	517.974768
1074.0	519.477209
1076.0	518.404044
1078.0	518.6905879999999
1080.0	518.1178649999999
1082.0	518.690222
1084.0	519.405676
1086.0	518.189398
1088.0	519.6359769999999
1090.0	518.833304
1092.0	519.047949
1094.0	519.1910459999999
1096.0	519.052771
1098.0	519.417456
1100.0	519.1910459999999
1102.0	520.550406
1104.0	519.19129
1106.0	520.049582
1108.0	520.2647919999999
1110.0	519.845602
1112.0	519.763419
1114.0	520.693488
1116.0	520.622824
1118.0	519.548773
1120.0	517.402411
1122.0	497.013586
1124.0	487.409216
1126.0	466.05391499999996
1128.0	465.24690899999996
1130.0	464.516394
1132.0	465.46701699999994
1134.0	464.659995
1136.0	464.07308
1138.0	463.792014
1140.0	462.605811
1142.0	461.297629
1144.0	460.03806199999997
1146.0	459.911826
1148.0	459.744589
1150.0	459.451132
1152.0	459.16261899999995
1154.0	459.10309399999994
1156.0	459.026785
1158.0	459.01968999999997
1160.0	459.231039
1162.0	459.167151
1164.0	458.94463199999996
1166.0	459.251562
1168.0	459.533148
1170.0	459.765112
1172.0	459.89131799999996
1174.0	459.604834
1176.0	459.964682
1178.0	459.824789
1180.0	459.964682
1182.0	460.11142599999994
1184.0	460.18478999999996
1186.0	460.18478999999996
1188.0	460.331503
1190.0	460.11142599999994
1192.0	460.18478999999996
1194.0	460.331503
1196.0	460.331503
1198.0	460.331503
1200.0	460.25813899999997
1202.0	460.478232
1204.0	460.551611
1206.0	460.69832499999995
1208.0	460.771689
1210.0	460.69832499999995
1212.0	460.69832499999995
1214.0	460.845053
1216.0	460.845053
1218.0	460.845053
1220.0	460.845053
1222.0	460.845053
1224.0	460.771689
1226.0	460.845053
1228.0	460.99178199999994
1230.0	460.99178199999994
1232.0	460.99178199999994
1234.0	461.065161
1236.0	460.99178199999994
1238.0	461.13852499999996
1240.0	460.918417
1242.0	461.13852499999996
1244.0	461.21189
1246.0	460.99178199999994
1248.0	461.28581799999995
1250.0	461.50533099999996
1252.0	461.578711
1254.0	461.725424
1256.0	462.092261
1258.0	463.11934499999995
1260.0	461.79878799999994
1262.0	461.65206
1264.0	461.65206
1266.0	461.87215299999997
1268.0	461.21189
1270.0	461.21189
1272.0	461.578711
1274.0	461.65206
1276.0	462.752524
1278.0	463.045981
1280.0	463.41280199999994
1282.0	462.01888099999996
1284.0	462.092261
1286.0	462.459067
1288.0	463.559531
1290.0	462.092261
1292.0	462.82588799999996
1294.0	462.605811
1296.0	462.82588799999996
1298.0	462.752524
1300.0	463.706259
1302.0	464.07308
1304.0	464.73335899999995
1306.0	465.46701699999994
1308.0	464.513266
1310.0	464.43990199999996
1312.0	464.806723
1314.0	464.07308
1316.0	463.92635199999995
1318.0	463.559531
1320.0	464.21980899999994
1322.0	462.899252
1324.0	463.48616599999997
1326.0	463.779623
1328.0	463.63291
1330.0	463.706259
1332.0	462.752524
1334.0	463.41280199999994
1336.0	463.339438
1338.0	463.999716
1340.0	463.706259
1342.0	463.852988
1344.0	463.706259
1346.0	464.513266
1348.0	464.58663
1350.0	464.14644499999997
1352.0	463.92635199999995
1354.0	464.513266
1356.0	464.58663
1358.0	464.953467
1360.0	464.806723
1362.0	465.10017999999997
1364.0	465.76045799999997
1366.0	465.02681599999994
1368.0	464.366537
1370.0	464.513266
1372.0	465.393637
1374.0	464.659995
1376.0	465.393637
1378.0	465.833838
1380.0	465.61373
1382.0	465.393637
1384.0	465.76045799999997
1386.0	465.68710899999996
1388.0	465.10017999999997
1390.0	465.76045799999997
1392.0	465.393637
1394.0	465.393637
1396.0	465.320288
1398.0	465.24690899999996
1400.0	464.659995
1402.0	463.779623
1404.0	464.21980899999994
1406.0	464.58663
1408.0	464.806723
1410.0	464.29317299999997
1412.0	464.659995
1414.0	464.58663
1416.0	464.43990199999996
1418.0	463.779623
1420.0	463.92635199999995
1422.0	464.366537
1424.0	463.41280199999994
1426.0	463.41280199999994
1428.0	463.11934499999995
1430.0	462.605811
1432.0	463.11934499999995
1434.0	462.82588799999996
1436.0	462.092261
1438.0	462.385703
1440.0	462.238974
1442.0	462.165625
1444.0	461.50533099999996
1446.0	461.358603
1448.0	460.331503
1450.0	460.478232
1452.0	460.11142599999994
1454.0	459.89131799999996
1456.0	459.52451199999996
1458.0	458.79085399999997
1460.0	459.52451199999996
1462.0	458.350668
1464.0	458.71750499999996
1466.0	458.49741199999994
1468.0	458.27730399999996
1470.0	457.470312
1472.0	456.443213
1474.0	457.543677
1476.0	456.516577
1478.0	456.58994099999995
1480.0	456.443213
1482.0	456.29648399999996
1484.0	455.636206
1486.0	455.636206
1488.0	455.196021
1490.0	454.16892099999995
1492.0	454.53574199999997
1494.0	454.022192
1496.0	453.94882799999993
1498.0	454.095557
1500.0	452.628271
1502.0	453.14182099999994
1504.0	453.215186
1506.0	452.55490699999996
1508.0	452.26144999999997
1510.0	450.867529
1512.0	449.84042999999997
1514.0	449.693716
1516.0	450.207266
1518.0	449.180167
1520.0	449.400244
1522.0	448.593237
1524.0	448.446509
1526.0	448.15306699999996
1528.0	448.15306699999996
1530.0	447.712881
1532.0	447.932959
1534.0	447.712881
1536.0	447.346045
1538.0	447.49277299999994
1540.0	447.272696
1542.0	447.346045
1544.0	447.19933199999997
1546.0	447.12596699999995
1548.0	447.19933199999997
1550.0	447.12596699999995
1552.0	447.19933199999997
1554.0	447.12596699999995
1556.0	447.272696
1558.0	447.419409
1560.0	447.63951699999996
1562.0	447.85961
1564.0	448.079688
1566.0	448.15306699999996
1568.0	448.15306699999996
1570.0	448.079688
1572.0	448.079688
1574.0	448.29977999999994
1576.0	448.22603499999997
1578.0	448.519492
1580.0	448.519492
1582.0	448.88609899999994
1584.0	448.81296399999997
1586.0	448.886313
1588.0	448.666235
1590.0	448.666235
1592.0	448.666235
1594.0	448.666235
1596.0	448.7396
1598.0	448.666235
1600.0	448.65689699999996
1602.0	448.95967699999994
TERM
