SR1 T_liq
0.0	192.123947
2.0	192.123947
4.0	192.414627
6.0	192.559753
8.0	192.70491
10.0	192.70491
12.0	192.777481
14.0	192.777481
16.0	192.850067
18.0	192.70491
20.0	192.487198
22.0	192.343933
24.0	192.342041
26.0	192.414627
28.0	192.421677
30.0	192.514938
32.0	192.414627
34.0	192.487198
36.0	192.487198
38.0	192.717239
40.0	192.70491
42.0	192.70491
44.0	192.777481
46.0	192.712982
48.0	192.632431
50.0	192.708633
52.0	192.850311
54.0	192.995224
56.0	193.067795
58.0	193.067795
60.0	193.237061
62.0	193.389542
64.0	193.358078
66.0	192.995224
68.0	192.813766
70.0	192.640045
72.0	192.492599
74.0	192.417068
76.0	192.421677
78.0	192.26947
80.0	192.197571
82.0	192.202469
84.0	192.201126
86.0	192.414627
88.0	192.506348
90.0	192.342239
92.0	192.067062
94.0	191.769989
96.0	191.471222
98.0	191.362869
100.0	191.428864
102.0	191.718765
104.0	192.216476
106.0	192.233551
108.0	191.798309
110.0	191.650482
112.0	191.580582
114.0	191.508011
116.0	191.580582
118.0	191.415848
120.0	191.21582
122.0	191.072571
124.0	190.927414
126.0	190.709702
128.0	190.419388
130.0	190.201675
132.0	190.274246
134.0	190.491959
136.0	190.709702
138.0	190.782257
140.0	190.854843
142.0	190.782257
144.0	190.782257
146.0	190.637115
148.0	190.709702
150.0	190.854843
152.0	190.854843
154.0	190.854843
156.0	190.854843
158.0	190.854843
160.0	190.927414
162.0	190.927414
164.0	190.637115
166.0	190.491959
168.0	190.129089
170.0	190.056519
172.0	189.983948
174.0	190.056519
176.0	189.911377
178.0	189.838806
180.0	189.621078
182.0	189.76622
184.0	189.983948
186.0	190.201675
188.0	190.491959
190.0	190.709702
192.0	190.854843
194.0	190.782257
196.0	190.564545
198.0	190.491959
200.0	190.201675
202.0	189.983948
204.0	189.838806
206.0	189.838806
208.0	189.693649
210.0	189.621078
212.0	189.475922
214.0	189.403351
216.0	189.548508
218.0	189.911377
220.0	190.201675
222.0	190.419388
224.0	190.564545
226.0	190.491959
228.0	190.346832
230.0	189.838806
232.0	189.548508
234.0	189.475922
236.0	189.475922
238.0	189.621078
240.0	189.838806
242.0	189.621078
244.0	189.621078
246.0	189.621078
248.0	189.693649
250.0	189.838806
252.0	189.76622
254.0	189.76622
256.0	189.76622
258.0	189.76622
260.0	189.76622
262.0	189.838806
264.0	189.838806
266.0	189.76622
268.0	189.621078
270.0	189.475922
272.0	189.185623
274.0	188.822754
276.0	188.605026
278.0	188.387314
280.0	188.242157
282.0	188.387314
284.0	188.532455
286.0	188.822754
288.0	188.967896
290.0	188.823135
292.0	188.750565
294.0	188.677994
296.0	188.750565
298.0	188.968277
300.0	189.044067
302.0	189.113434
304.0	189.113693
306.0	189.048721
308.0	188.968277
310.0	188.897186
312.0	188.895721
314.0	188.970139
316.0	189.18602
318.0	189.191498
320.0	188.968277
322.0	188.823135
324.0	188.687485
326.0	188.485474
328.0	188.272491
330.0	188.03891
332.0	187.981003
334.0	188.100784
336.0	188.182846
338.0	188.326584
340.0	188.348343
342.0	188.398102
344.0	188.409332
346.0	188.25444
348.0	188.172211
350.0	188.101318
352.0	188.051559
354.0	188.31543
356.0	188.553879
358.0	188.557404
360.0	188.334793
362.0	188.242538
364.0	188.190262
366.0	188.040497
368.0	188.034988
370.0	187.952499
372.0	187.961365
374.0	188.105804
376.0	188.192673
378.0	188.316772
380.0	188.619598
382.0	188.896484
384.0	189.135269
386.0	189.21199
388.0	189.196152
390.0	189.18602
392.0	189.119476
394.0	189.003723
396.0	188.853836
398.0	188.678299
400.0	188.62056
402.0	188.411957
404.0	188.414139
406.0	188.496704
408.0	188.182236
410.0	187.76712
412.0	187.553925
414.0	187.176865
416.0	187.045898
418.0	187.088867
420.0	187.307678
422.0	187.674789
424.0	187.989349
426.0	188.112549
428.0	188.340607
430.0	188.561569
432.0	188.623428
434.0	188.490448
436.0	188.352234
438.0	188.061554
440.0	187.625046
442.0	187.40863
444.0	187.323883
446.0	187.335129
448.0	187.396271
450.0	187.408249
452.0	187.62648
454.0	187.913055
456.0	187.989349
458.0	187.988083
460.0	187.989349
462.0	188.061935
464.0	188.134506
466.0	187.916779
468.0	187.699066
470.0	187.553925
472.0	187.481339
474.0	187.771637
476.0	187.844208
478.0	187.989349
480.0	188.061935
482.0	188.134506
484.0	188.134506
486.0	188.061935
488.0	188.061935
490.0	188.134506
492.0	187.989349
494.0	187.916779
496.0	187.771637
498.0	187.699448
500.0	187.91716
502.0	188.352936
504.0	188.642914
506.0	188.788055
508.0	188.860641
510.0	188.789703
512.0	188.570343
514.0	188.28093
516.0	188.137573
518.0	188.062576
520.0	188.084991
522.0	188.06572
524.0	187.91716
526.0	187.86293
528.0	187.994583
530.0	188.062317
532.0	187.99556
534.0	187.934311
536.0	187.855774
538.0	187.870056
540.0	188.024384
542.0	188.009262
544.0	187.866013
546.0	187.786255
548.0	187.644501
550.0	187.441132
552.0	187.442413
554.0	187.372055
556.0	187.371964
558.0	187.414932
560.0	187.591171
562.0	187.504395
564.0	187.445694
566.0	187.51738
568.0	187.583298
570.0	187.808884
572.0	187.872543
574.0	187.807419
576.0	187.808884
578.0	187.736313
580.0	187.948257
582.0	188.244339
584.0	188.607208
586.0	188.75235
588.0	188.669052
590.0	188.31691
592.0	188.026611
594.0	187.88147
596.0	187.88147
598.0	188.244339
600.0	188.75235
602.0	189.042648
604.0	189.042648
606.0	188.970078
608.0	188.679779
610.0	188.534637
612.0	188.31691
614.0	188.099182
616.0	187.808884
618.0	187.373444
620.0	186.937988
622.0	186.792847
624.0	186.792847
626.0	187.010956
628.0	187.373825
630.0	187.664124
632.0	187.881851
634.0	188.175873
636.0	188.539154
638.0	188.919815
640.0	189.210846
642.0	189.045898
644.0	188.844742
646.0	188.690201
648.0	188.564331
650.0	188.488388
652.0	188.281586
654.0	188.063858
656.0	188.063858
658.0	187.918716
660.0	187.843811
662.0	187.918716
664.0	188.209
666.0	188.354141
668.0	188.354141
670.0	188.136429
672.0	187.991272
674.0	187.991272
676.0	188.136429
678.0	188.571884
680.0	188.862167
682.0	188.644455
684.0	188.426727
686.0	188.209
688.0	188.063858
690.0	188.063858
692.0	188.209
694.0	188.499298
696.0	188.789597
698.0	188.934753
700.0	188.717026
702.0	188.499298
704.0	188.426727
706.0	188.499298
708.0	188.644455
710.0	188.934753
712.0	189.079895
714.0	189.007324
716.0	189.079895
718.0	188.934753
720.0	188.789597
722.0	188.644455
724.0	188.354141
726.0	188.063858
728.0	187.918716
730.0	187.918716
732.0	188.209
734.0	188.426727
736.0	188.342209
738.0	188.209
740.0	188.281586
742.0	188.281586
744.0	188.571884
746.0	188.934753
748.0	189.297623
750.0	189.442764
752.0	189.370193
754.0	189.297623
756.0	189.150574
758.0	188.862167
760.0	188.571884
762.0	188.281586
764.0	188.209
766.0	188.136429
768.0	188.349655
770.0	188.632095
772.0	188.991943
774.0	189.194611
776.0	189.273514
778.0	189.361084
780.0	189.271164
782.0	189.147842
784.0	188.927979
786.0	188.842865
788.0	188.897888
790.0	188.971146
792.0	188.758774
794.0	188.691208
796.0	188.627975
798.0	188.391342
800.0	188.172241
802.0	187.831116
804.0	187.592224
806.0	187.532104
808.0	187.896042
810.0	188.624802
812.0	188.978424
814.0	188.980865
816.0	188.923187
818.0	188.759155
820.0	188.555603
822.0	188.484146
824.0	188.419266
826.0	188.420197
828.0	188.499298
830.0	188.785294
832.0	188.860733
834.0	188.858459
836.0	188.862167
838.0	188.917511
840.0	189.129608
842.0	189.441971
844.0	189.579605
846.0	189.418228
848.0	189.364365
850.0	189.293488
852.0	189.150803
854.0	188.934753
856.0	188.759064
858.0	188.852646
860.0	189.052155
862.0	189.151184
864.0	189.152466
866.0	189.205139
868.0	189.295959
870.0	189.441864
872.0	189.724762
874.0	189.932007
876.0	189.949646
878.0	189.629547
880.0	189.429596
882.0	189.27832
884.0	189.15065
886.0	189.152466
888.0	189.069839
890.0	189.007324
892.0	188.934753
894.0	188.934753
896.0	188.934753
898.0	189.007324
900.0	189.079895
902.0	189.225052
904.0	189.370193
906.0	189.515335
908.0	189.442764
910.0	188.934753
912.0	188.354141
914.0	188.281586
916.0	188.209
918.0	188.209
920.0	188.717026
922.0	189.079895
924.0	189.152466
926.0	189.152466
928.0	189.079895
930.0	189.007324
932.0	189.008286
934.0	189.080276
936.0	189.080276
938.0	189.080276
940.0	189.080276
942.0	189.225433
944.0	189.383041
946.0	189.760529
948.0	189.981873
950.0	189.829971
952.0	189.55246
954.0	189.379807
956.0	189.255096
958.0	189.189972
960.0	189.189941
962.0	189.0448
964.0	188.878494
966.0	188.754532
968.0	188.754532
970.0	188.754532
972.0	188.754532
974.0	188.827103
976.0	189.189972
978.0	189.407715
980.0	189.625427
982.0	189.625427
984.0	189.625427
986.0	189.48027
988.0	189.48027
990.0	189.407715
992.0	189.407715
994.0	189.262558
996.0	189.189972
998.0	189.117401
1000.0	189.04483
1002.0	188.97226
1004.0	188.97226
1006.0	188.97226
1008.0	189.04483
1010.0	189.262558
1012.0	189.335129
1014.0	189.48027
1016.0	189.552856
1018.0	189.552856
1020.0	189.552856
1022.0	189.552856
1024.0	189.407715
1026.0	189.335129
1028.0	189.262558
1030.0	189.189972
1032.0	189.04483
1034.0	188.97226
1036.0	188.827103
1038.0	188.827103
1040.0	189.117401
1042.0	189.189972
1044.0	189.189972
1046.0	188.97226
1048.0	188.899689
1050.0	188.827103
1052.0	188.827103
1054.0	188.827103
1056.0	188.899689
1058.0	189.117401
1060.0	189.335129
1062.0	189.407715
1064.0	189.335129
1066.0	189.117401
1068.0	188.97226
1070.0	188.827103
1072.0	188.681961
1074.0	188.60939
1076.0	188.60939
1078.0	188.754532
1080.0	189.117401
1082.0	189.189972
1084.0	189.189972
1086.0	189.189972
1088.0	189.189972
1090.0	189.189972
1092.0	189.04483
1094.0	188.827103
1096.0	188.681961
1098.0	188.754532
1100.0	188.60939
1102.0	188.754532
1104.0	188.827103
1106.0	188.754532
1108.0	188.754532
1110.0	188.754532
1112.0	189.04483
1114.0	189.335129
1116.0	189.552856
1118.0	189.625427
1120.0	189.625427
1122.0	189.48027
1124.0	189.407715
1126.0	189.189972
1128.0	189.04483
1130.0	188.899689
1132.0	188.754532
1134.0	188.60939
1136.0	188.464233
1138.0	188.39502
1140.0	188.246902
1142.0	187.738876
1144.0	187.085709
1146.0	185.997086
1148.0	184.908463
1150.0	183.674713
1152.0	182.513519
1154.0	181.497467
1156.0	180.48143
1158.0	179.392807
1160.0	178.304199
1162.0	177.216095
1164.0	176.126953
1166.0	174.89386
1168.0	173.804565
1170.0	172.788788
1172.0	171.848785
1174.0	170.82901
1176.0	170.103775
1178.0	169.304962
1180.0	168.506638
1182.0	167.855911
1184.0	167.273636
1186.0	166.69249
1188.0	166.349976
1190.0	165.921951
1192.0	165.106186
1194.0	164.371964
1196.0	163.731964
1198.0	163.077438
1200.0	162.267563
1202.0	161.428696
1204.0	160.606171
1206.0	159.962494
1208.0	159.387283
1210.0	158.963669
1212.0	158.669632
1214.0	158.381393
1216.0	158.310486
1218.0	158.454742
1220.0	158.963669
1222.0	159.616837
1224.0	160.342575
1226.0	161.068329
1228.0	161.552933
1230.0	161.938538
1232.0	162.084366
1234.0	162.156937
1236.0	162.154373
1238.0	162.302078
1240.0	162.281693
1242.0	162.374664
1244.0	162.519806
1246.0	162.737534
1248.0	163.390701
1250.0	164.474152
1252.0	165.78566
1254.0	166.583969
1256.0	167.237152
1258.0	167.672592
1260.0	167.89032
1262.0	167.962891
1264.0	168.035461
1266.0	168.029236
1268.0	168.180618
1270.0	168.180618
1272.0	168.180618
1274.0	168.32576
1276.0	168.833786
1278.0	169.632111
1280.0	170.430435
1282.0	171.083603
1284.0	171.591614
1286.0	171.954483
1288.0	172.027069
1290.0	172.09964
1292.0	172.172226
1294.0	172.244797
1296.0	172.09964
1298.0	171.591614
1300.0	171.083603
1302.0	170.430435
1304.0	169.704681
1306.0	168.833786
1308.0	168.108047
1310.0	167.45488
1312.0	166.874283
1314.0	166.293686
1316.0	165.78566
1318.0	165.422791
1320.0	165.132492
1322.0	165.132492
1324.0	165.640518
1326.0	166.801712
1328.0	168.398346
1330.0	170.140121
1332.0	171.6642
1334.0	172.970535
1336.0	173.986588
1338.0	174.785278
1340.0	175.386948
1342.0	175.656174
1344.0	175.656174
1346.0	175.511017
1348.0	175.220734
1350.0	174.785278
1352.0	174.349945
1354.0	173.986969
1356.0	173.624542
1358.0	173.116165
1360.0	172.691345
1362.0	172.112106
1364.0	171.664581
1366.0	171.229355
1368.0	170.803741
1370.0	170.360977
1372.0	169.930023
1374.0	169.570328
1376.0	169.20784
1378.0	168.916702
1380.0	168.617035
1382.0	168.399765
1384.0	168.253815
1386.0	168.112457
1388.0	167.970398
1390.0	167.82193
1392.0	167.694717
1394.0	167.617569
1396.0	167.551575
1398.0	167.457809
1400.0	167.407898
1402.0	167.399628
1404.0	167.38327
1406.0	167.457153
1408.0	167.601089
1410.0	167.746231
1412.0	167.908401
1414.0	167.977921
1416.0	168.039551
1418.0	168.108932
1420.0	168.181
1422.0	168.255219
1424.0	168.474899
1426.0	168.616562
1428.0	168.777649
1430.0	168.909195
1432.0	168.979324
1434.0	169.153015
1436.0	169.368271
1438.0	169.45018
1440.0	169.591736
1442.0	169.739624
1444.0	169.794144
1446.0	170.024033
1448.0	170.156479
1450.0	170.312988
1452.0	170.466232
1454.0	170.68541
1456.0	170.807892
1458.0	170.97493
1460.0	171.117126
1462.0	171.265991
1464.0	171.48349
1466.0	171.628876
1468.0	171.846603
1470.0	172.060593
1472.0	172.282043
1474.0	172.427185
1476.0	172.572342
1478.0	172.79007
1480.0	172.935211
1482.0	173.080353
1484.0	173.22551
1486.0	173.298096
1488.0	173.443237
1490.0	173.588379
1492.0	173.733536
1494.0	173.951263
1496.0	174.096405
1498.0	174.314133
1500.0	174.386703
1502.0	174.531845
1504.0	174.749588
1506.0	174.89473
1508.0	175.039871
1510.0	175.112457
1512.0	175.257599
1514.0	175.475327
1516.0	175.547897
1518.0	175.693039
1520.0	175.693039
1522.0	175.838196
1524.0	175.910767
1526.0	175.910767
1528.0	175.983337
1530.0	175.983337
1532.0	175.983719
1534.0	175.983719
1536.0	176.056305
1538.0	176.060028
1540.0	176.056305
1542.0	176.056305
1544.0	176.128876
1546.0	176.128876
1548.0	176.201447
1550.0	176.274017
1552.0	176.346603
1554.0	176.346603
1556.0	176.419174
1558.0	176.491745
1560.0	176.419174
1562.0	176.419174
1564.0	176.346603
1566.0	176.274017
1568.0	176.274017
1570.0	176.201447
1572.0	176.128876
1574.0	176.128876
1576.0	175.983719
1578.0	175.911148
1580.0	175.838577
1582.0	175.838577
1584.0	175.773071
1586.0	175.838577
1588.0	175.866577
1590.0	175.995636
1592.0	175.983719
1594.0	176.133118
1596.0	176.280502
1598.0	176.512802
1600.0	176.784836
1602.0	176.999771
TERM
