SR1 INST
0.0	236.518051
2.0	234.904053
4.0	234.537216
6.0	234.609375
8.0	235.63768
10.0	234.170395
12.0	233.876953
14.0	235.194977
16.0	234.683945
18.0	233.143311
20.0	234.390503
22.0	234.243774
24.0	232.923203
26.0	232.628983
28.0	234.971893
30.0	233.876953
32.0	232.541672
34.0	233.510132
36.0	233.188599
38.0	233.434952
40.0	232.185028
42.0	233.42511
44.0	233.141891
46.0	231.297562
48.0	234.065048
50.0	233.623093
52.0	231.672043
54.0	232.751724
56.0	233.267258
58.0	231.745422
60.0	231.745316
62.0	233.335556
64.0	231.968155
66.0	230.271286
68.0	233.355118
70.0	233.2005
72.0	231.309204
74.0	232.838211
76.0	232.979614
78.0	230.942307
80.0	232.028076
82.0	232.185425
84.0	232.336304
86.0	230.427948
88.0	233.049408
90.0	232.703125
92.0	230.648941
94.0	233.216675
96.0	231.602661
98.0	230.715439
100.0	232.923203
102.0	231.380219
104.0	231.297714
106.0	232.189316
108.0	231.309204
110.0	231.015732
112.0	232.688843
114.0	231.088669
116.0	231.37674
118.0	231.513016
120.0	232.30249
122.0	229.986542
124.0	232.082596
126.0	232.449112
128.0	230.633865
130.0	230.906784
132.0	231.790482
134.0	230.910873
136.0	230.622498
138.0	232.520554
140.0	231.49353
142.0	230.099548
144.0	231.204437
146.0	233.034103
148.0	229.9655
150.0	231.879227
152.0	231.346725
154.0	231.203903
156.0	229.806076
158.0	233.400925
160.0	231.127533
162.0	230.760498
164.0	231.200012
166.0	231.346725
168.0	230.908829
170.0	230.247925
172.0	232.227097
174.0	230.261047
176.0	230.466354
178.0	231.493454
180.0	230.319626
182.0	231.200012
184.0	230.319626
186.0	231.566833
188.0	229.145813
190.0	231.933655
192.0	230.466354
194.0	230.686462
196.0	230.833557
198.0	230.027313
200.0	231.126648
202.0	230.026184
204.0	232.011017
206.0	228.925705
208.0	232.230057
210.0	230.701401
212.0	228.497894
214.0	232.243988
216.0	230.848495
218.0	229.621826
220.0	229.398926
222.0	231.200439
224.0	230.567719
226.0	229.513306
228.0	231.936249
230.0	229.733612
232.0	229.314941
234.0	231.713547
236.0	229.44873
238.0	229.247772
240.0	231.059006
242.0	230.686462
244.0	228.705627
246.0	231.494583
248.0	230.466415
250.0	228.558914
252.0	230.466354
254.0	231.933655
256.0	227.238327
258.0	231.053284
260.0	230.613098
262.0	227.898636
264.0	231.273376
266.0	230.246277
268.0	228.925705
270.0	229.14595
272.0	231.933655
274.0	228.496353
276.0	230.026184
278.0	230.833176
280.0	228.485626
282.0	229.732727
284.0	230.759827
286.0	228.338806
288.0	229.145813
290.0	230.319626
292.0	228.558914
294.0	229.952805
296.0	229.806168
298.0	228.705627
300.0	229.439255
302.0	229.292526
304.0	231.200012
306.0	228.192078
308.0	230.759827
310.0	229.512634
312.0	228.338806
314.0	231.346725
316.0	228.778992
318.0	230.026184
320.0	228.558914
322.0	231.273376
324.0	228.999084
326.0	227.238327
328.0	230.539734
330.0	227.605164
332.0	228.412186
334.0	230.979904
336.0	228.118713
338.0	228.265427
340.0	230.686462
342.0	230.172897
344.0	227.825256
346.0	231.053284
348.0	230.613098
350.0	227.164978
352.0	230.906555
354.0	229.732727
356.0	228.265427
358.0	229.292526
360.0	231.493454
362.0	227.751877
364.0	229.219177
366.0	231.420105
368.0	228.338806
370.0	228.778992
372.0	230.686462
374.0	229.292526
376.0	227.898636
378.0	230.172897
380.0	229.732727
382.0	228.118713
384.0	229.585999
386.0	229.512634
388.0	228.265427
390.0	229.952805
392.0	229.512634
394.0	228.412186
396.0	229.439255
398.0	228.632263
400.0	230.172897
402.0	228.045364
404.0	229.952805
406.0	229.145813
408.0	228.558914
410.0	230.099548
412.0	228.338806
414.0	230.833176
416.0	228.94014
418.0	229.441071
420.0	230.613098
422.0	228.192078
424.0	230.099548
426.0	229.292526
428.0	228.118713
430.0	230.686462
432.0	229.585999
434.0	228.118713
436.0	229.585999
438.0	229.806076
440.0	229.365906
442.0	228.558914
444.0	231.200012
446.0	228.287506
448.0	228.852356
450.0	230.319885
452.0	228.705627
454.0	230.031677
456.0	229.44014
458.0	230.539734
460.0	229.072449
462.0	229.732727
464.0	230.979904
466.0	228.412186
468.0	231.053284
470.0	229.732727
472.0	229.236053
474.0	230.172897
476.0	229.512634
478.0	229.659348
480.0	230.246277
482.0	229.952805
484.0	229.806076
486.0	229.439255
488.0	232.007004
490.0	229.072449
492.0	229.806076
494.0	232.080368
496.0	229.145813
498.0	230.613098
500.0	230.906555
502.0	229.512634
504.0	230.393005
506.0	231.860275
508.0	229.659348
510.0	229.732727
512.0	232.373825
514.0	230.319626
516.0	230.026184
518.0	232.153748
520.0	230.539734
522.0	229.659348
524.0	230.906555
526.0	231.786926
528.0	229.732727
530.0	232.153748
532.0	230.906555
534.0	230.539734
536.0	232.080368
538.0	231.053284
540.0	230.613098
542.0	231.640198
544.0	233.034103
546.0	230.172897
548.0	231.200012
550.0	233.400925
552.0	230.319626
554.0	232.007004
556.0	231.640198
558.0	231.053284
560.0	231.860275
562.0	232.080368
564.0	231.200012
566.0	230.906555
568.0	234.061203
570.0	231.126648
572.0	232.227097
574.0	233.474304
576.0	231.786926
578.0	231.493454
580.0	232.887375
582.0	234.061203
584.0	231.786926
586.0	233.474304
588.0	232.520554
590.0	231.933655
592.0	233.767746
594.0	234.721497
596.0	230.539734
598.0	233.327576
600.0	233.107483
602.0	231.053284
604.0	231.640198
606.0	232.373825
608.0	232.080368
610.0	230.393005
612.0	233.107483
614.0	231.273376
616.0	230.026184
618.0	230.759827
620.0	231.713547
622.0	229.806076
624.0	230.686462
626.0	233.327576
628.0	230.759827
630.0	231.493454
632.0	231.640198
634.0	230.686462
636.0	231.420105
638.0	231.420105
640.0	231.566833
642.0	231.199631
644.0	231.346359
646.0	231.639832
648.0	232.74028
650.0	230.68576
652.0	232.960373
654.0	232.153381
656.0	231.639832
658.0	231.566452
660.0	232.080002
662.0	231.91333
664.0	231.126282
666.0	232.006638
668.0	233.76738
670.0	231.199631
672.0	234.207581
674.0	232.520187
676.0	232.446823
678.0	232.373459
680.0	233.327194
682.0	231.933289
684.0	231.933289
686.0	235.454742
688.0	232.960373
690.0	232.887009
692.0	234.354309
694.0	232.960373
696.0	233.25383
698.0	234.060822
700.0	233.473923
702.0	232.22673
704.0	233.840759
706.0	235.087921
708.0	233.400558
710.0	235.968292
712.0	233.107101
714.0	233.987473
716.0	236.1884
718.0	233.914108
720.0	234.060822
722.0	233.987473
724.0	236.115021
726.0	233.987473
728.0	234.427658
730.0	236.115021
732.0	234.134201
734.0	235.821579
736.0	234.794479
738.0	234.794479
740.0	235.014572
742.0	235.308029
744.0	235.234665
746.0	234.281296
748.0	235.748596
750.0	235.308395
752.0	234.941574
754.0	235.528503
756.0	236.408875
758.0	235.381775
760.0	234.281296
762.0	238.022873
764.0	236.482224
766.0	235.601852
768.0	236.408875
770.0	235.968674
772.0	235.455124
774.0	237.142487
776.0	236.262146
778.0	236.335495
780.0	236.335495
782.0	236.262146
784.0	238.389694
786.0	236.628571
788.0	237.288864
790.0	236.408493
792.0	236.77533
794.0	238.976242
796.0	236.628571
798.0	237.949142
800.0	237.288864
802.0	236.922043
804.0	238.095871
806.0	236.922043
808.0	237.65567
810.0	237.508942
812.0	237.288864
814.0	237.362228
816.0	238.313293
818.0	237.508942
820.0	237.949142
822.0	237.65567
824.0	238.315964
826.0	237.288864
828.0	238.242599
830.0	239.929962
832.0	238.022491
834.0	238.242599
836.0	238.829529
838.0	238.389313
840.0	237.72905
842.0	238.756149
844.0	240.66362
846.0	238.609421
848.0	238.976242
850.0	238.902618
852.0	238.975998
854.0	238.68277
856.0	239.63652
858.0	238.462692
860.0	239.122971
862.0	239.910477
864.0	239.049591
866.0	238.667206
868.0	240.075928
870.0	241.073624
872.0	239.122833
874.0	240.776321
876.0	240.198914
878.0	239.402863
880.0	240.051865
882.0	240.337753
884.0	239.855484
886.0	239.411987
888.0	242.176376
890.0	240.66301
892.0	239.68631
894.0	242.832123
896.0	240.498901
898.0	240.94075
900.0	240.440689
902.0	241.516632
904.0	239.683624
906.0	241.376617
908.0	242.554016
910.0	240.266617
912.0	242.18515
914.0	242.695282
916.0	240.70784
918.0	242.241531
920.0	241.94989
922.0	240.700882
924.0	240.950577
926.0	244.363403
928.0	242.171829
930.0	241.088409
932.0	244.503036
934.0	242.901825
936.0	241.801361
938.0	242.901825
940.0	241.94809
942.0	242.608353
944.0	242.17099
946.0	242.394028
948.0	242.461624
950.0	241.885529
952.0	242.992462
954.0	242.535004
956.0	242.181427
958.0	241.814651
960.0	244.089203
962.0	242.912521
964.0	242.18306
966.0	243.197037
968.0	242.705429
970.0	242.390335
972.0	243.737854
974.0	242.561691
976.0	243.515808
978.0	242.763947
980.0	243.059082
982.0	242.860992
984.0	242.64444
986.0	245.242325
988.0	243.140793
990.0	243.004318
992.0	244.465942
994.0	243.297806
996.0	243.070206
998.0	244.16481
1000.0	243.299194
1002.0	243.231369
1004.0	243.891418
1006.0	243.891632
1008.0	243.010498
1010.0	244.676498
1012.0	244.037399
1014.0	243.083176
1016.0	244.824402
1018.0	244.395142
1020.0	243.744919
1022.0	243.891632
1024.0	244.752869
1026.0	243.818268
1028.0	244.037399
1030.0	244.824402
1032.0	244.180496
1034.0	244.108963
1036.0	244.538223
1038.0	245.039047
1040.0	243.965012
1042.0	244.752869
1044.0	245.182129
1046.0	244.538223
1048.0	244.323578
1050.0	246.756134
1052.0	244.89595
1054.0	244.752869
1056.0	245.325577
1058.0	245.254044
1060.0	244.896317
1062.0	244.896317
1064.0	245.897949
1066.0	245.039398
1068.0	245.254044
1070.0	245.611771
1072.0	244.824768
1074.0	246.327209
1076.0	245.254044
1078.0	245.540588
1080.0	244.967865
1082.0	245.540222
1084.0	246.255676
1086.0	245.039398
1088.0	246.485977
1090.0	245.683304
1092.0	245.897949
1094.0	246.041046
1096.0	245.902771
1098.0	246.267456
1100.0	246.041046
1102.0	247.400406
1104.0	246.04129
1106.0	246.899582
1108.0	247.114792
1110.0	246.695602
1112.0	246.613419
1114.0	247.543488
1116.0	247.472824
1118.0	246.398773
1120.0	244.252411
1122.0	223.863586
1124.0	214.259216
1126.0	192.903915
1128.0	192.096909
1130.0	191.366394
1132.0	192.317017
1134.0	191.509995
1136.0	190.92308
1138.0	190.642014
1140.0	189.455811
1142.0	188.147629
1144.0	186.888062
1146.0	186.761826
1148.0	186.594589
1150.0	186.301132
1152.0	186.012619
1154.0	185.953094
1156.0	185.876785
1158.0	185.86969
1160.0	186.081039
1162.0	186.017151
1164.0	185.794632
1166.0	186.101562
1168.0	186.383148
1170.0	186.615112
1172.0	186.741318
1174.0	186.454834
1176.0	186.814682
1178.0	186.674789
1180.0	186.814682
1182.0	186.961426
1184.0	187.03479
1186.0	187.03479
1188.0	187.181503
1190.0	186.961426
1192.0	187.03479
1194.0	187.181503
1196.0	187.181503
1198.0	187.181503
1200.0	187.108139
1202.0	187.328232
1204.0	187.401611
1206.0	187.548325
1208.0	187.621689
1210.0	187.548325
1212.0	187.548325
1214.0	187.695053
1216.0	187.695053
1218.0	187.695053
1220.0	187.695053
1222.0	187.695053
1224.0	187.621689
1226.0	187.695053
1228.0	187.841782
1230.0	187.841782
1232.0	187.841782
1234.0	187.915161
1236.0	187.841782
1238.0	187.988525
1240.0	187.768417
1242.0	187.988525
1244.0	188.06189
1246.0	187.841782
1248.0	188.135818
1250.0	188.355331
1252.0	188.428711
1254.0	188.575424
1256.0	188.942261
1258.0	189.969345
1260.0	188.648788
1262.0	188.50206
1264.0	188.50206
1266.0	188.722153
1268.0	188.06189
1270.0	188.06189
1272.0	188.428711
1274.0	188.50206
1276.0	189.602524
1278.0	189.895981
1280.0	190.262802
1282.0	188.868881
1284.0	188.942261
1286.0	189.309067
1288.0	190.409531
1290.0	188.942261
1292.0	189.675888
1294.0	189.455811
1296.0	189.675888
1298.0	189.602524
1300.0	190.556259
1302.0	190.92308
1304.0	191.583359
1306.0	192.317017
1308.0	191.363266
1310.0	191.289902
1312.0	191.656723
1314.0	190.92308
1316.0	190.776352
1318.0	190.409531
1320.0	191.069809
1322.0	189.749252
1324.0	190.336166
1326.0	190.629623
1328.0	190.48291
1330.0	190.556259
1332.0	189.602524
1334.0	190.262802
1336.0	190.189438
1338.0	190.849716
1340.0	190.556259
1342.0	190.702988
1344.0	190.556259
1346.0	191.363266
1348.0	191.43663
1350.0	190.996445
1352.0	190.776352
1354.0	191.363266
1356.0	191.43663
1358.0	191.803467
1360.0	191.656723
1362.0	191.95018
1364.0	192.610458
1366.0	191.876816
1368.0	191.216537
1370.0	191.363266
1372.0	192.243637
1374.0	191.509995
1376.0	192.243637
1378.0	192.683838
1380.0	192.46373
1382.0	192.243637
1384.0	192.610458
1386.0	192.537109
1388.0	191.95018
1390.0	192.610458
1392.0	192.243637
1394.0	192.243637
1396.0	192.170288
1398.0	192.096909
1400.0	191.509995
1402.0	190.629623
1404.0	191.069809
1406.0	191.43663
1408.0	191.656723
1410.0	191.143173
1412.0	191.509995
1414.0	191.43663
1416.0	191.289902
1418.0	190.629623
1420.0	190.776352
1422.0	191.216537
1424.0	190.262802
1426.0	190.262802
1428.0	189.969345
1430.0	189.455811
1432.0	189.969345
1434.0	189.675888
1436.0	188.942261
1438.0	189.235703
1440.0	189.088974
1442.0	189.015625
1444.0	188.355331
1446.0	188.208603
1448.0	187.181503
1450.0	187.328232
1452.0	186.961426
1454.0	186.741318
1456.0	186.374512
1458.0	185.640854
1460.0	186.374512
1462.0	185.200668
1464.0	185.567505
1466.0	185.347412
1468.0	185.127304
1470.0	184.320312
1472.0	183.293213
1474.0	184.393677
1476.0	183.366577
1478.0	183.439941
1480.0	183.293213
1482.0	183.146484
1484.0	182.486206
1486.0	182.486206
1488.0	182.046021
1490.0	181.018921
1492.0	181.385742
1494.0	180.872192
1496.0	180.798828
1498.0	180.945557
1500.0	179.478271
1502.0	179.991821
1504.0	180.065186
1506.0	179.404907
1508.0	179.11145
1510.0	177.717529
1512.0	176.69043
1514.0	176.543716
1516.0	177.057266
1518.0	176.030167
1520.0	176.250244
1522.0	175.443237
1524.0	175.296509
1526.0	175.003067
1528.0	175.003067
1530.0	174.562881
1532.0	174.782959
1534.0	174.562881
1536.0	174.196045
1538.0	174.342773
1540.0	174.122696
1542.0	174.196045
1544.0	174.049332
1546.0	173.975967
1548.0	174.049332
1550.0	173.975967
1552.0	174.049332
1554.0	173.975967
1556.0	174.122696
1558.0	174.269409
1560.0	174.489517
1562.0	174.70961
1564.0	174.929688
1566.0	175.003067
1568.0	175.003067
1570.0	174.929688
1572.0	174.929688
1574.0	175.14978
1576.0	175.076035
1578.0	175.369492
1580.0	175.369492
1582.0	175.736099
1584.0	175.662964
1586.0	175.736313
1588.0	175.516235
1590.0	175.516235
1592.0	175.516235
1594.0	175.516235
1596.0	175.5896
1598.0	175.516235
1600.0	175.506897
1602.0	175.809677
TERM
