SR1 P
0.0	2097.75574978
2.0	2072.63740266
4.0	2060.02136704
6.0	2063.3815827
8.0	2096.974957
10.0	2073.89813563
12.0	2040.86020643
14.0	2091.12609122
16.0	2088.44424764
18.0	2044.26066607
20.0	2083.31459263
22.0	2085.41287759
24.0	2064.29570783
26.0	2032.61219873
28.0	2099.47904951
30.0	2088.52207662
32.0	2047.3582042
34.0	2073.54443452
36.0	2077.37078828
38.0	2075.77644067
40.0	2045.63761752
42.0	2079.93667288
44.0	2091.4803868
46.0	2027.10782665
48.0	2087.32811489
50.0	2087.2722183
52.0	2054.98399578
54.0	2075.17782854
56.0	2089.56369232
58.0	2055.55529882
60.0	2055.43198282
62.0	2096.6156735
64.0	2080.61981405
66.0	2001.79083768
68.0	2074.47254051
70.0	2108.44653169
72.0	2048.67104785
74.0	2054.4681961
76.0	2093.09250096
78.0	2047.16308402
80.0	2070.69146812
82.0	2079.00624268
84.0	2075.99117332
86.0	2016.99025186
88.0	2082.42175167
90.0	2095.56425151
92.0	2028.44698744
94.0	2089.48586334
96.0	2076.05085125
98.0	2037.99742938
100.0	2088.68086331
102.0	2062.90336794
104.0	2057.6654474
106.0	2077.223472
108.0	2066.59951499
110.0	2050.5404062
112.0	2083.00914226
114.0	2058.87354185
116.0	2060.57203991
118.0	2064.8972894
120.0	2082.40967183
122.0	2025.9216077
124.0	2061.6822771
126.0	2085.89174196
128.0	2051.49482932
130.0	2052.21052249
132.0	2079.83463358
134.0	2057.77165381
136.0	2045.18041985
138.0	2083.80996772
140.0	2070.48593545
142.0	2039.49829686
144.0	2056.07023267
146.0	2099.36282368
148.0	2027.72062203
150.0	2067.64882715
152.0	2068.46217193
154.0	2064.43884339
156.0	2019.84381819
158.0	2087.76879554
160.0	2067.55182821
162.0	2057.87243416
164.0	2057.11330991
166.0	2065.52514163
168.0	2066.99823359
170.0	2043.15540484
172.0	2083.35694784
174.0	2053.77232248
176.0	2052.70796108
178.0	2075.82171457
180.0	2050.41979885
182.0	2061.80141854
184.0	2054.83582112
186.0	2084.55464159
188.0	2025.32836766
190.0	2071.50501549
192.0	2054.69268248
194.0	2060.81655769
196.0	2064.92918871
198.0	2052.71565311
200.0	2067.75357202
202.0	2047.03851344
204.0	2091.01988173
206.0	2019.88346344
208.0	2078.37984891
210.0	2073.25669264
212.0	2002.78213579
214.0	2071.30095181
216.0	2077.75346258
218.0	2050.27102849
220.0	2039.81918638
222.0	2073.93837666
224.0	2070.12329074
226.0	2028.84590848
228.0	2088.02105928
230.0	2051.63293499
232.0	2035.6356096
234.0	2081.74408319
236.0	2047.89025199
238.0	2039.60093179
240.0	2061.04315703
242.0	2083.51427738
244.0	2024.03865841
246.0	2065.91987804
248.0	2077.22201046
250.0	2018.81910204
252.0	2052.20402799
254.0	2094.38280605
256.0	1997.34432484
258.0	2055.83361699
260.0	2081.36710548
262.0	2012.06463764
264.0	2064.36372744
266.0	2077.57629169
268.0	2046.51974029
270.0	2039.80791855
272.0	2089.42961971
274.0	2029.13072859
276.0	2057.27769635
278.0	2073.01275308
280.0	2027.47545156
282.0	2049.96322196
284.0	2081.63363018
286.0	2027.67094692
288.0	2045.4538909
290.0	2067.71109977
292.0	2033.33257073
294.0	2056.04466596
296.0	2062.13841356
298.0	2042.81293882
300.0	2053.27753274
302.0	2044.03445949
304.0	2073.94191021
306.0	2022.05299155
308.0	2062.99298397
310.0	2061.58811591
312.0	2030.32083461
314.0	2080.9002406
316.0	2038.21281835
318.0	2060.09618635
320.0	2030.20840129
322.0	2081.4190735
324.0	2059.1206515
326.0	2014.06220638
328.0	2080.12923913
330.0	2035.60706307
332.0	2027.81622053
334.0	2084.32567658
336.0	2037.73386314
338.0	2037.28853408
340.0	2065.69367245
342.0	2069.29320517
344.0	2000.03055764
346.0	2073.08857878
348.0	2093.70732395
350.0	1993.08906389
352.0	2068.46014988
354.0	2066.82878715
356.0	2036.15218264
358.0	2043.86582235
360.0	2083.66507515
362.0	2022.02818918
364.0	2032.5736759
366.0	2082.36979723
368.0	2033.97380648
370.0	2031.97841939
372.0	2076.99994774
374.0	2049.84781038
376.0	2019.40641553
378.0	2056.97948197
380.0	2067.5431495
382.0	2023.38447972
384.0	2048.68729557
386.0	2057.80393464
388.0	2025.86177692
390.0	2052.36637588
392.0	2058.81026282
394.0	2041.84628484
396.0	2054.50483319
398.0	2031.1846872
400.0	2067.31066499
402.0	2022.8175799
404.0	2053.34552856
406.0	2054.59121231
408.0	2038.88288168
410.0	2061.11884054
412.0	2025.90208608
414.0	2066.44189309
416.0	2040.26481647
418.0	2048.69912451
420.0	2070.00888544
422.0	2020.02424525
424.0	2055.10489674
426.0	2055.81003829
428.0	2015.49135079
430.0	2068.27139921
432.0	2061.02872512
434.0	2018.73186969
436.0	2048.60067254
438.0	2055.47910043
440.0	2040.46596325
442.0	2026.22900961
444.0	2079.27033708
446.0	2020.85616116
448.0	2040.57514878
450.0	2063.19080693
452.0	2033.70886919
454.0	2054.39569905
456.0	2038.18728162
458.0	2060.27571646
460.0	2015.66352071
462.0	2049.99864005
464.0	2064.70068925
466.0	2010.6359307
468.0	2072.9964656
470.0	2040.60680063
472.0	2035.33026985
474.0	2046.76883804
476.0	2039.57517538
478.0	2047.65965401
480.0	2049.17110874
482.0	2045.7343156
484.0	2044.63449416
486.0	2032.35586615
488.0	2074.70322364
490.0	2008.28915742
492.0	2040.91521209
494.0	2083.71473237
496.0	2010.36029362
498.0	2052.76024465
500.0	2056.83800275
502.0	2023.47939946
504.0	2044.67227953
506.0	2065.88829747
508.0	2018.0486818
510.0	2029.24876464
512.0	2072.9644859
514.0	2025.64484006
516.0	2033.56275066
518.0	2063.55783187
520.0	2040.28317756
522.0	2013.0728344
524.0	2050.36945183
526.0	2060.90622051
528.0	2006.83792437
530.0	2068.66116985
532.0	2026.84107226
534.0	2041.99938401
536.0	2056.30178265
538.0	2035.917419
540.0	2039.48235211
542.0	2048.81621102
544.0	2073.24432355
546.0	2006.11724899
548.0	2045.41906316
550.0	2078.90602079
552.0	2001.68287004
554.0	2055.82416669
556.0	2040.33847088
558.0	2035.37535901
560.0	2050.63862882
562.0	2051.87168446
564.0	2027.01115671
566.0	2028.95181723
568.0	2080.9696587
570.0	1997.82667736
572.0	2044.53769569
574.0	2064.96376385
576.0	2038.18072126
578.0	2018.9287934
580.0	2050.5380492
582.0	2069.34284949
584.0	2017.07654596
586.0	2056.62121438
588.0	2034.40528061
590.0	2017.13037774
592.0	2057.53056685
594.0	2075.14768974
596.0	1977.60175423
598.0	2057.31502092
600.0	2061.67303243
602.0	2013.22455776
604.0	2041.05833862
606.0	2050.937653
608.0	2048.23087928
610.0	2010.32356706
612.0	2070.93304006
614.0	2044.10681877
616.0	2019.25763899
618.0	2045.47018629
620.0	2055.632828
622.0	2012.14326688
624.0	2035.61403214
626.0	2079.33544107
628.0	2017.07714359
630.0	2045.79047271
632.0	2051.63138557
634.0	2020.72634954
636.0	2047.88935654
638.0	2048.37970186
640.0	2040.56532646
642.0	2030.98917394
644.0	2037.44022751
646.0	2043.27761538
648.0	2057.37469885
650.0	2001.54390598
652.0	2059.3558984
654.0	2045.51963784
656.0	2036.6940416
658.0	2033.04987405
660.0	2050.02641971
662.0	2046.95102418
664.0	2014.33416621
666.0	2046.74695612
668.0	2061.9974978
670.0	2010.44038742
672.0	2063.45932092
674.0	2039.53347524
676.0	2041.20353652
678.0	2035.17042533
680.0	2057.70538936
682.0	2005.4929218
684.0	2021.56118415
686.0	2076.18075064
688.0	2025.45138601
690.0	2032.66904586
692.0	2059.03474386
694.0	2016.91981843
696.0	2038.68233442
698.0	2059.02347603
700.0	2046.3195995
702.0	1995.3868205
704.0	2047.91958322
706.0	2049.77183066
708.0	2024.8965949
710.0	2070.88900141
712.0	1994.35170489
714.0	2039.97621385
716.0	2065.26548352
718.0	2023.15910866
720.0	2037.70164377
722.0	2032.23068313
724.0	2071.57214259
726.0	2011.85260938
728.0	2037.50408029
730.0	2063.34813209
732.0	2009.54900362
734.0	2059.26513001
736.0	2030.62485766
738.0	2032.53824456
740.0	2041.33394579
742.0	2048.81182642
744.0	2052.27613321
746.0	2001.9371929
748.0	2054.23041377
750.0	2041.43159429
752.0	2026.71337291
754.0	2044.41855115
756.0	2063.86306932
758.0	2038.68736531
760.0	1996.25984011
762.0	2070.25046884
764.0	2041.51321014
766.0	2025.64066676
768.0	2048.8635442
770.0	2041.80094894
772.0	2015.69812439
774.0	2058.31135652
776.0	2033.60823457
778.0	2040.73009202
780.0	2031.76639113
782.0	2034.14153589
784.0	2063.00569467
786.0	2028.85627785
788.0	2053.23201573
790.0	2019.40640624
792.0	2038.87220847
794.0	2069.39104644
796.0	2007.64709147
798.0	2056.51771322
800.0	2039.82597885
802.0	2024.50470579
804.0	2060.28188605
806.0	2018.47451768
808.0	2046.25303525
810.0	2043.17054207
812.0	2030.77568852
814.0	2032.75417504
816.0	2056.28905018
818.0	2030.03453661
820.0	2039.64027626
822.0	2029.32322367
824.0	2053.79535811
826.0	2001.66867603
828.0	2043.55885555
830.0	2061.10047479
832.0	2026.39745824
834.0	2035.27830021
836.0	2053.93227088
838.0	2039.97144283
840.0	2000.31863933
842.0	2043.08270113
844.0	2071.98942824
846.0	2020.92564227
848.0	2043.22729225
850.0	2038.25999674
852.0	2040.75369714
854.0	2029.59655501
856.0	2059.84245381
858.0	2004.1253761
860.0	2040.45090801
862.0	2059.07438601
864.0	2026.20818287
866.0	2006.76280531
868.0	2051.9969461
870.0	2069.55752862
872.0	2003.33602852
874.0	2059.42868597
876.0	2044.34549011
878.0	2010.58196224
880.0	2041.83132532
882.0	2051.93873408
884.0	2029.35139544
886.0	2014.58993925
888.0	2065.9689317
890.0	2035.20735445
892.0	2013.95857899
894.0	2069.43766803
896.0	2023.19921202
898.0	2047.91334624
900.0	2029.3584887
902.0	2063.08227216
904.0	1982.54710557
906.0	2047.23643456
908.0	2069.11246465
910.0	1987.65877799
912.0	2056.21101553
914.0	2063.2531904
916.0	2001.56518266
918.0	2053.93140713
920.0	2056.84238425
922.0	2001.74108333
924.0	2021.06639955
926.0	2073.32003424
928.0	2035.96269288
930.0	2003.04828971
932.0	2069.12665118
934.0	2039.64603749
936.0	2014.87893785
938.0	2055.24803227
940.0	2016.66045395
942.0	2050.31037294
944.0	2020.42170058
946.0	2046.7914118
948.0	2035.78405377
950.0	2024.70021904
952.0	2054.08302882
954.0	2044.23490347
956.0	2027.19595954
958.0	2010.29995871
960.0	2066.86626761
962.0	2035.81392252
964.0	2015.78888864
966.0	2052.92380059
968.0	2033.87652493
970.0	2023.04076745
972.0	2063.38983359
974.0	2015.73923119
976.0	2054.16656565
978.0	2025.28546565
980.0	2043.31806531
982.0	2025.47266707
984.0	2021.54970755
986.0	2071.36428904
988.0	2018.26189482
990.0	2024.88863466
992.0	2067.71800616
994.0	2029.09078256
996.0	2025.51502536
998.0	2059.29681516
1000.0	2021.52862905
1002.0	2025.625612
1004.0	2049.04904112
1006.0	2041.71370137
1008.0	2010.12281092
1010.0	2061.17326985
1012.0	2047.80064434
1014.0	2000.02672596
1016.0	2057.16976394
1018.0	2041.44307216
1020.0	2025.54340279
1022.0	2027.94838214
1024.0	2055.54412021
1026.0	2010.60188404
1028.0	2036.73514091
1030.0	2051.42293002
1032.0	2027.65501161
1034.0	2025.43865792
1036.0	2041.18934689
1038.0	2057.52675284
1040.0	2001.43095521
1042.0	2040.40795199
1044.0	2053.00305768
1046.0	2031.82379978
1048.0	2022.37685124
1050.0	2070.97741142
1052.0	2024.2900281
1054.0	2029.37353907
1056.0	2046.6407466
1058.0	2041.44870389
1060.0	2027.98617822
1062.0	2030.68453247
1064.0	2056.18907766
1066.0	2022.79353777
1068.0	2039.98834238
1070.0	2048.8756758
1072.0	2002.66772777
1074.0	2058.88450886
1076.0	2026.89344377
1078.0	2045.95674085
1080.0	2015.6853994
1082.0	2039.69039366
1084.0	2061.07209092
1086.0	2001.10673385
1088.0	2055.95369197
1090.0	2016.19556298
1092.0	2040.63439877
1094.0	2034.56198248
1096.0	2029.36850503
1098.0	2042.81975555
1100.0	2030.53555207
1102.0	2062.40476271
1104.0	2012.5653221
1106.0	2043.11339951
1108.0	2045.488376
1110.0	2037.69600893
1112.0	2019.09319298
1114.0	2049.32637587
1116.0	2033.11263689
1118.0	2022.31213351
1120.0	2004.90199557
1122.0	1988.69279655
1124.0	2002.17171742
1126.0	2015.06962465
1128.0	2001.19441195
1130.0	2014.58371819
1132.0	2034.86578387
1134.0	1962.87345712
1136.0	2051.49035493
1138.0	2083.80821068
1140.0	2049.36721425
1142.0	2035.73820886
1144.0	2063.25736496
1146.0	2060.85071353
1148.0	2046.93352577
1150.0	2082.90263598
1152.0	2046.22969617
1154.0	2034.40029956
1156.0	2010.38923578
1158.0	2045.83488174
1160.0	1997.23137839
1162.0	2014.04064809
1164.0	2058.06677036
1166.0	2104.66223323
1168.0	2141.30116396
1170.0	2150.02465257
1172.0	2169.97447623
1174.0	2149.62830234
1176.0	2097.8612643
1178.0	2063.35522224
1180.0	2113.71518309
1182.0	2049.27817581
1184.0	2079.00939409
1186.0	2064.07151761
1188.0	2075.54786581
1190.0	2053.09802968
1192.0	2076.21476106
1194.0	2099.42869601
1196.0	2134.65519958
1198.0	2168.29179549
1200.0	2151.22069493
1202.0	2176.70150861
1204.0	2129.23343105
1206.0	2095.47085938
1208.0	2069.52709181
1210.0	2084.85751754
1212.0	2082.34009777
1214.0	2077.09341549
1216.0	2064.9841812
1218.0	2055.605909
1220.0	2040.27044946
1222.0	2083.72951806
1224.0	2140.20512037
1226.0	2153.74064554
1228.0	2145.02694739
1230.0	2151.98041797
1232.0	2120.71675526
1234.0	2080.43109548
1236.0	2065.07680088
1238.0	2075.54601645
1240.0	2074.77210689
1242.0	2071.80457927
1244.0	2052.65317576
1246.0	2056.80154542
1248.0	2058.09542485
1250.0	2072.16869018
1252.0	2120.62426204
1254.0	2151.94905031
1256.0	2164.23357785
1258.0	2098.30885954
1260.0	1991.48017027
1262.0	1938.21251208
1264.0	1946.06400876
1266.0	2007.11428881
1268.0	2113.74770438
1270.0	2164.10147078
1272.0	2197.63912262
1274.0	2216.06738581
1276.0	2208.04345797
1278.0	2187.84322484
1280.0	2058.54144512
1282.0	1983.99410589
1284.0	2004.84377191
1286.0	2019.40480302
1288.0	1988.03815513
1290.0	1974.7707605
1292.0	1980.87387075
1294.0	2047.29756756
1296.0	2071.11324552
1298.0	2042.39596981
1300.0	2035.25331695
1302.0	2052.59841199
1304.0	2060.41073685
1306.0	2042.35512095
1308.0	2049.26532387
1310.0	2052.54168762
1312.0	2052.40707807
1314.0	2049.41104346
1316.0	2052.19952853
1318.0	2063.65385267
1320.0	2060.15073419
1322.0	2050.56489304
1324.0	2046.69207305
1326.0	2052.32123121
1328.0	2062.2961173
1330.0	2061.53946035
1332.0	2055.18348157
1334.0	2049.82628367
1336.0	2067.95446923
1338.0	2054.67746132
1340.0	2054.87595911
1342.0	2053.03416555
1344.0	2055.28349412
1346.0	2053.05924454
1348.0	2043.11652385
1350.0	2044.60190585
1352.0	2055.97076142
1354.0	2054.61843243
1356.0	2057.32834497
1358.0	2060.94288568
1360.0	2054.74892988
1362.0	2055.86166666
1364.0	2044.52470353
1366.0	2052.93990051
1368.0	2043.06205577
1370.0	2049.49395023
1372.0	2064.39495236
1374.0	2048.69560002
1376.0	2051.50572974
1378.0	2052.49904568
1380.0	2050.54341817
1382.0	2047.83879904
1384.0	2062.9603242
1386.0	2058.17023809
1388.0	2057.5311574
1390.0	2064.50222751
1392.0	2059.02834295
1394.0	2060.98090492
1396.0	2063.09077099
1398.0	2057.2229876
1400.0	2057.55361924
1402.0	2064.65213004
1404.0	2062.43651955
1406.0	2063.12937457
1408.0	2053.82313315
1410.0	2078.31639967
1412.0	2057.00804069
1414.0	2059.23578472
1416.0	2069.99576227
1418.0	2073.631376
1420.0	2056.81107444
1422.0	2059.0205208
1424.0	2076.38116143
1426.0	2062.48611454
1428.0	2063.52133895
1430.0	2072.12757127
1432.0	2071.16314405
1434.0	2069.49964004
1436.0	2068.96198499
1438.0	2075.55984268
1440.0	2064.55220269
1442.0	2084.06144666
1444.0	2069.48139659
1446.0	2067.95529326
1448.0	2080.58302107
1450.0	2080.96873884
1452.0	2068.57533544
1454.0	2070.70665403
1456.0	2079.83761176
1458.0	2073.24402627
1460.0	2072.38732947
1462.0	2078.34681577
1464.0	2078.08677665
1466.0	2076.88700857
1468.0	2071.26071056
1470.0	2084.18061419
1472.0	2077.6074507
1474.0	2068.80818503
1476.0	2083.10621238
1478.0	2075.11194292
1480.0	2079.74700881
1482.0	2078.76423602
1484.0	2079.61388289
1486.0	2081.7160175
1488.0	2076.25124441
1490.0	2082.61390188
1492.0	2080.28553034
1494.0	2070.20198526
1496.0	2096.03543804
1498.0	2077.1150523
1500.0	2080.87426697
1502.0	2090.71090835
1504.0	2063.78972148
1506.0	2085.4462722
1508.0	2083.86389447
1510.0	2059.27106569
1512.0	2086.31260591
1514.0	2077.34473483
1516.0	2067.72622992
1518.0	2090.13499512
1520.0	2054.07148745
1522.0	2085.08412932
1524.0	2081.67562042
1526.0	2045.78091689
1528.0	2093.93861378
1530.0	2053.10337609
1532.0	2064.78695161
1534.0	2094.47297398
1536.0	2038.61547508
1538.0	2072.32778061
1540.0	2089.98747626
1542.0	2033.00111065
1544.0	2078.11133671
1546.0	2068.91579353
1548.0	2047.24540385
1550.0	2090.50679353
1552.0	2044.86305495
1554.0	2059.35241214
1556.0	2087.92616115
1558.0	2038.4405288
1560.0	2082.69470046
1562.0	2064.88392805
1564.0	2054.56666356
1566.0	2098.25904658
1568.0	2040.67238928
1570.0	2062.16991222
1572.0	2102.05984912
1574.0	2051.39444926
1576.0	2068.35908234
1578.0	2091.75554889
1580.0	2049.40374728
1582.0	2082.47977541
1584.0	2070.56560189
1586.0	2060.09232295
1588.0	2093.76792319
1590.0	2071.04730704
1592.0	2055.82089045
1594.0	2102.73013544
1596.0	2049.78777925
1598.0	2082.0234382
1600.0	2084.14506934
1602.0	2057.53005401
TERM
