SR1 POWE
0.0	-0.51042
2.0	-0.5435099999999999
4.0	31.90988
6.0	3769.17548
8.0	12823.95775
10.0	16376.412340000003
12.0	19179.56015
14.0	19214.46302
16.0	19232.39314
18.0	19246.478969999996
20.0	19224.31565
22.0	19257.15969
24.0	19250.09254
26.0	19227.775179999997
28.0	19261.47918
30.0	19249.19971
32.0	19263.70736
34.0	19309.481040000002
36.0	19298.60114
38.0	19296.46962
40.0	19304.95295
42.0	19302.02854
44.0	19296.93014
46.0	19293.013030000002
48.0	19290.226700000003
50.0	19263.740250000003
52.0	19279.266939999998
54.0	19282.55497
56.0	19300.870629999998
58.0	19295.325429999997
60.0	19305.947620000003
62.0	19317.5053
64.0	19312.25355
66.0	19325.92258
68.0	19328.639209999998
70.0	19351.83717
72.0	19336.29736
74.0	19368.731
76.0	19341.623160000003
78.0	19345.23037
80.0	19319.15079
82.0	19326.30143
84.0	19354.699579999997
86.0	19378.55206
88.0	19364.54433
90.0	19320.201780000003
92.0	19332.67609
94.0	19352.37647
96.0	19387.09158
98.0	19353.89198
100.0	19326.350730000002
102.0	19325.32667
104.0	19323.953840000002
106.0	19348.480590000003
108.0	19381.65525
110.0	19353.49857
112.0	19377.96258
114.0	19331.75468
116.0	19351.31202
118.0	19360.205100000003
120.0	19369.52302
122.0	19384.527729999998
124.0	19364.359
126.0	19355.23696
128.0	19374.89297
130.0	19378.45355
132.0	19379.15736
134.0	19380.362940000003
136.0	19393.35418
138.0	19378.968530000002
140.0	19354.620529999997
142.0	19386.00438
144.0	19377.83582
146.0	19404.81215
148.0	19407.76096
150.0	19381.074080000002
152.0	19358.7889
154.0	19374.44591
156.0	19391.66752
158.0	19410.491990000002
160.0	19407.34491
162.0	19384.06852
164.0	19372.46094
166.0	19382.73869
168.0	19379.218080000002
170.0	19386.05984
172.0	19392.127200000003
174.0	19387.877979999997
176.0	19415.68693
178.0	19393.501969999998
180.0	19410.83699
182.0	19423.50811
184.0	19399.30201
186.0	19396.502370000002
188.0	19383.40686
190.0	19356.165820000002
192.0	19398.00653
194.0	19414.85348
196.0	19370.71267
198.0	19414.93625
200.0	19446.23573
202.0	19437.10165
204.0	19418.26527
206.0	19388.51813
208.0	19385.81827
210.0	19428.08969
212.0	19388.82142
214.0	19432.82265
216.0	19430.143210000002
218.0	19418.801089999997
220.0	19386.7235
222.0	19437.33258
224.0	19418.133579999998
226.0	19438.868840000003
228.0	19430.77792
230.0	19398.97658
232.0	19422.473149999998
234.0	19453.53376
236.0	19437.83358
238.0	19443.31568
240.0	19422.47141
242.0	19463.54969
244.0	19450.81813
246.0	19426.43939
248.0	19412.38834
250.0	19413.303939999998
252.0	19449.82876
254.0	19446.95202
256.0	19451.77186
258.0	19430.202820000002
260.0	19454.37825
262.0	19425.18426
264.0	19437.33686
266.0	19440.378670000002
268.0	19444.527879999998
270.0	19423.44584
272.0	19429.13776
274.0	19457.1077
276.0	19441.03502
278.0	19423.6682
280.0	19419.38699
282.0	19421.96024
284.0	19445.79421
286.0	19438.57327
288.0	19471.5367
290.0	19424.36034
292.0	19418.46347
294.0	19410.86737
296.0	19457.12555
298.0	19452.09825
300.0	19492.00693
302.0	19468.216129999997
304.0	19456.70558
306.0	19457.494440000002
308.0	19473.74216
310.0	19459.915930000003
312.0	19462.96986
314.0	19472.31524
316.0	19472.23356
318.0	19459.684100000002
320.0	19474.19352
322.0	19482.346960000003
324.0	19489.179809999998
326.0	19488.028700000003
328.0	19429.05268
330.0	19472.6575
332.0	19444.020959999998
334.0	19484.792269999998
336.0	19466.33271
338.0	19510.51005
340.0	19484.04219
342.0	19452.7222
344.0	19434.44138
346.0	19456.284920000002
348.0	19483.912709999997
350.0	19475.880060000003
352.0	19472.466350000002
354.0	19471.17454
356.0	19495.43488
358.0	19504.724299999998
360.0	19513.23195
362.0	19497.00805
364.0	19482.69725
366.0	19517.8966
368.0	19516.117820000003
370.0	19509.74219
372.0	19510.63676
374.0	19508.34248
376.0	19499.74423
378.0	19517.05952
380.0	19484.57836
382.0	19518.5444
384.0	19514.59083
386.0	19498.93852
388.0	19489.93415
390.0	19492.21936
392.0	19539.242420000002
394.0	19507.918960000003
396.0	19496.599710000002
398.0	19481.31177
400.0	19463.39762
402.0	19518.86895
404.0	19540.840070000002
406.0	19499.78502
408.0	19543.27368
410.0	19482.233350000002
412.0	19489.05318
414.0	19475.790920000003
416.0	19487.48848
418.0	19491.46847
420.0	19502.051040000002
422.0	19491.50799
424.0	19505.44212
426.0	19501.617629999997
428.0	19516.13793
430.0	19535.16519
432.0	19489.68859
434.0	19485.812110000003
436.0	19506.27924
438.0	19490.65677
440.0	19494.687840000002
442.0	19517.99685
444.0	19506.609510000002
446.0	19526.10423
448.0	19526.02851
450.0	19523.52228
452.0	19485.342760000003
454.0	19510.13295
456.0	19530.87458
458.0	19499.642949999998
460.0	19499.58512
462.0	19516.729460000002
464.0	19526.22486
466.0	19549.45532
468.0	19520.997229999997
470.0	19509.815580000002
472.0	19534.296019999998
474.0	19503.48701
476.0	19504.29821
478.0	19534.86616
480.0	19537.40526
482.0	19545.18934
484.0	19518.69314
486.0	19533.66038
488.0	19504.92021
490.0	19483.3436
492.0	19483.61697
494.0	19511.008260000002
496.0	19551.873499999998
498.0	19554.481379999997
500.0	19529.651560000002
502.0	19533.015420000003
504.0	19522.54352
506.0	19521.8187
508.0	19505.452210000003
510.0	19533.48939
512.0	19564.47501
514.0	19548.65027
516.0	19540.323050000003
518.0	19541.24255
520.0	19534.07933
522.0	19562.73086
524.0	19545.39779
526.0	19531.43042
528.0	19519.790220000003
530.0	19538.51578
532.0	19535.55538
534.0	19543.82773
536.0	19526.49277
538.0	19538.90979
540.0	19530.7934
542.0	19549.328500000003
544.0	19547.07767
546.0	19537.60651
548.0	19514.86688
550.0	19556.74952
552.0	19549.9853
554.0	19553.070330000002
556.0	19513.06104
558.0	19565.68764
560.0	19508.29756
562.0	19564.77163
564.0	19543.55545
566.0	19534.91201
568.0	19583.03381
570.0	19557.293
572.0	19537.48445
574.0	19530.15717
576.0	19535.83613
578.0	19520.67952
580.0	19531.656349999997
582.0	19540.618580000002
584.0	19550.49527
586.0	19544.94553
588.0	19561.938000000002
590.0	19542.5205
592.0	19548.41419
594.0	19517.866479999997
596.0	19574.610620000003
598.0	19591.934670000002
600.0	19551.48788
602.0	19540.695750000003
604.0	19552.75897
606.0	19529.57308
608.0	19554.33256
610.0	19589.16696
612.0	19609.43749
614.0	19564.61204
616.0	19538.74425
618.0	19569.733930000002
620.0	19564.76155
622.0	19555.443189999998
624.0	19548.25224
626.0	19552.556589999997
628.0	19529.76287
630.0	19551.31886
632.0	19556.33992
634.0	19535.138020000002
636.0	19546.71181
638.0	19518.76648
640.0	19551.97763
642.0	19547.607979999997
644.0	19551.96731
646.0	19544.7677
648.0	19550.32563
650.0	19576.801509999998
652.0	19550.569639999998
654.0	19589.13989
656.0	19564.70361
658.0	19534.114970000002
660.0	19514.26001
662.0	19541.192720000003
664.0	19553.760889999998
666.0	19549.645370000002
668.0	19575.269089999998
670.0	19572.4224
672.0	19567.61672
674.0	19552.31427
676.0	19573.353489999998
678.0	19551.84249
680.0	19575.58578
682.0	19564.9853
684.0	19522.17898
686.0	19595.48265
688.0	19592.35219
690.0	19549.16009
692.0	19548.67406
694.0	19560.71855
696.0	19593.24837
698.0	19553.47092
700.0	19548.27022
702.0	19563.90382
704.0	19572.786480000002
706.0	19579.93667
708.0	19555.29344
710.0	19567.3848
712.0	19568.837349999998
714.0	19592.76901
716.0	19597.822740000003
718.0	19591.651339999997
720.0	19572.07879
722.0	19558.083069999997
724.0	19529.030850000003
726.0	19539.73247
728.0	19561.30961
730.0	19531.76694
732.0	19574.97408
734.0	19582.92791
736.0	19552.94241
738.0	19568.02515
740.0	19611.313599999998
742.0	19594.25624
744.0	19531.440150000002
746.0	19558.286890000003
748.0	19549.137850000003
750.0	19532.35468
752.0	19562.82551
754.0	19533.85937
756.0	19581.039950000002
758.0	19570.6837
760.0	19571.29753
762.0	19549.324810000002
764.0	19542.8161
766.0	19565.65348
768.0	19568.51389
770.0	19595.7344
772.0	19591.97801
774.0	19554.340079999998
776.0	19574.828100000002
778.0	19569.7416
780.0	19584.59878
782.0	19553.39366
784.0	19552.09499
786.0	19555.59036
788.0	19567.680200000003
790.0	19575.42024
792.0	19510.06528
794.0	19532.50388
796.0	19555.337900000002
798.0	19569.78205
800.0	19566.60682
802.0	19570.14491
804.0	19611.88004
806.0	19557.05805
808.0	19567.25037
810.0	19530.204999999998
812.0	19512.034610000002
814.0	19548.12578
816.0	19547.0511
818.0	19569.138049999998
820.0	19564.79456
822.0	19546.246450000002
824.0	19554.63651
826.0	19564.60471
828.0	19576.534720000003
830.0	19563.605330000002
832.0	19554.48399
834.0	19565.539439999997
836.0	19554.69604
838.0	19549.33785
840.0	19555.909920000002
842.0	19544.03726
844.0	19523.78144
846.0	19525.18204
848.0	19537.297250000003
850.0	19559.258329999997
852.0	19538.072490000002
854.0	19537.588750000003
856.0	19545.74144
858.0	19525.179229999998
860.0	19571.346840000002
862.0	19555.315889999998
864.0	19541.439029999998
866.0	19546.36858
868.0	19539.17757
870.0	19553.20013
872.0	19526.614039999997
874.0	19553.04923
876.0	19558.89991
878.0	19557.23183
880.0	19603.05151
882.0	19565.73038
884.0	19610.5461
886.0	19532.551389999997
888.0	19559.047369999997
890.0	19543.62906
892.0	19509.62659
894.0	19504.143200000002
896.0	19533.06051
898.0	19517.13655
900.0	19536.03047
902.0	19543.04115
904.0	19536.026700000002
906.0	19547.0588
908.0	19523.66311
910.0	19502.84782
912.0	19503.489129999998
914.0	19522.60357
916.0	19512.76857
918.0	19515.229560000003
920.0	19544.18491
922.0	19537.17314
924.0	19551.090819999998
926.0	19543.560459999997
928.0	19566.23521
930.0	19565.04592
932.0	19577.79409
934.0	19559.74642
936.0	19543.539249999998
938.0	19514.469110000002
940.0	19537.15239
942.0	19552.3963
944.0	19576.85581
946.0	19582.95484
948.0	19546.44672
950.0	19530.57493
952.0	19539.221139999998
954.0	19547.76104
956.0	19574.81832
958.0	19563.06259
960.0	19527.077859999998
962.0	19509.046390000003
964.0	19527.114650000003
966.0	19544.47063
968.0	19558.31967
970.0	19571.16404
972.0	19540.88938
974.0	19493.4558
976.0	19522.69114
978.0	19519.11878
980.0	19528.854809999997
982.0	19533.26998
984.0	19566.14638
986.0	19554.86592
988.0	19523.38899
990.0	19524.87626
992.0	19524.81439
994.0	19518.95791
996.0	19533.979890000002
998.0	19529.02153
1000.0	19526.08566
1002.0	19539.44319
1004.0	19546.853420000003
1006.0	19543.13674
1008.0	19547.44722
1010.0	19537.34172
1012.0	19523.16598
1014.0	19537.61472
1016.0	19522.83828
1018.0	19547.41655
1020.0	19525.708850000003
1022.0	19550.76712
1024.0	19530.8449
1026.0	19510.610979999998
1028.0	19542.28191
1030.0	19530.015339999998
1032.0	19533.601489999997
1034.0	19531.37545
1036.0	19524.69664
1038.0	19527.46742
1040.0	19530.60346
1042.0	19554.2522
1044.0	19564.59415
1046.0	19536.37542
1048.0	19501.43245
1050.0	19530.18999
1052.0	19555.418889999997
1054.0	19570.416439999997
1056.0	19534.14487
1058.0	19477.90965
1060.0	19513.68824
1062.0	19552.58289
1064.0	19549.123349999998
1066.0	19525.559309999997
1068.0	19544.023889999997
1070.0	19495.81652
1072.0	19502.81479
1074.0	19505.8667
1076.0	19541.25857
1078.0	19535.06144
1080.0	19538.395529999998
1082.0	19557.63885
1084.0	19533.911839999997
1086.0	19534.05191
1088.0	19484.3004
1090.0	19508.83569
1092.0	19544.84953
1094.0	19515.4317
1096.0	19529.86835
1098.0	19515.32316
1100.0	19544.60802
1102.0	19530.4127
1104.0	19539.59737
1106.0	19514.022109999998
1108.0	19541.98378
1110.0	19531.25476
1112.0	19518.00815
1114.0	19473.327409999998
1116.0	19490.0192
1118.0	19502.33732
1120.0	19504.96712
1122.0	19513.75769
1124.0	19494.4135
1126.0	19523.95027
1128.0	19522.43911
1130.0	19509.765330000002
1132.0	19516.0263
1134.0	19558.64083
1136.0	19533.4342
1138.0	19516.20668
1140.0	19534.473680000003
1142.0	19523.53614
1144.0	19506.86658
1146.0	19490.96217
1148.0	19498.896070000003
1150.0	19477.06552
1152.0	19498.67278
1154.0	19513.08947
1156.0	19486.6038
1158.0	19539.02621
1160.0	19513.11294
1162.0	19526.76249
1164.0	19498.838939999998
1166.0	19487.986370000002
1168.0	19504.56234
1170.0	19492.68477
1172.0	19469.89111
1174.0	19470.948620000003
1176.0	19448.77016
1178.0	19449.33056
1180.0	19470.15311
1182.0	19462.277879999998
1184.0	19464.113680000002
1186.0	19483.09991
1188.0	19466.83136
1190.0	19480.77811
1192.0	19480.66162
1194.0	19472.8855
1196.0	19499.34192
1198.0	19485.79109
1200.0	19456.32835
1202.0	19419.31668
1204.0	19462.17569
1206.0	19454.514
1208.0	19500.36421
1210.0	19453.68603
1212.0	19408.26658
1214.0	19424.136749999998
1216.0	19427.712799999998
1218.0	19478.82751
1220.0	19470.84019
1222.0	19429.51986
1224.0	19430.541380000002
1226.0	19428.20152
1228.0	19466.253099999998
1230.0	19436.69291
1232.0	19457.72278
1234.0	19425.27751
1236.0	19394.37648
1238.0	19383.130090000002
1240.0	19401.22393
1242.0	19425.88352
1244.0	19424.08895
1246.0	19405.845200000003
1248.0	19408.67166
1250.0	19439.682080000002
1252.0	19416.09114
1254.0	19415.30133
1256.0	19416.527009999998
1258.0	19408.717549999998
1260.0	19404.78807
1262.0	19419.09378
1264.0	19430.850029999998
1266.0	19403.41819
1268.0	19447.74989
1270.0	19412.07359
1272.0	19403.795769999997
1274.0	19411.02275
1276.0	19408.71274
1278.0	19406.86859
1280.0	19403.528850000002
1282.0	19421.010710000002
1284.0	19398.183
1286.0	19405.50531
1288.0	19409.25591
1290.0	19413.672309999998
1292.0	19422.73087
1294.0	19396.46059
1296.0	19385.99301
1298.0	19404.67776
1300.0	19398.731389999997
1302.0	19417.611380000002
1304.0	19401.35167
1306.0	19421.035620000002
1308.0	19412.0578
1310.0	19395.20795
1312.0	19390.2585
1314.0	19415.40516
1316.0	19351.7723
1318.0	19366.87774
1320.0	19370.86556
1322.0	19389.05524
1324.0	19390.91688
1326.0	19363.77848
1328.0	19404.25336
1330.0	19393.24039
1332.0	19417.218859999997
1334.0	19374.51046
1336.0	19412.30968
1338.0	19379.536259999997
1340.0	19410.05643
1342.0	19420.03757
1344.0	19415.5266
1346.0	19419.66846
1348.0	19401.63735
1350.0	19399.04976
1352.0	19419.967920000003
1354.0	19402.39299
1356.0	19368.462910000002
1358.0	19337.99981
1360.0	19370.619260000003
1362.0	19401.25522
1364.0	19374.13831
1366.0	19417.70737
1368.0	19399.83225
1370.0	19363.70652
1372.0	19384.38743
1374.0	19415.14436
1376.0	19401.598140000002
1378.0	19394.4194
1380.0	19424.13762
1382.0	19389.85742
1384.0	19362.84693
1386.0	19377.23835
1388.0	19371.386160000002
1390.0	19362.13309
1392.0	19394.348690000003
1394.0	19426.03858
1396.0	19398.94293
1398.0	19388.95881
1400.0	19436.88018
1402.0	19439.53653
1404.0	19378.24029
1406.0	19415.09086
1408.0	19400.54249
1410.0	19406.77233
1412.0	19420.39479
1414.0	19401.780850000003
1416.0	19417.86238
1418.0	19372.66823
1420.0	19382.68752
1422.0	19395.81382
1424.0	19362.01146
1426.0	19345.01661
1428.0	19359.533460000002
1430.0	19345.28826
1432.0	19344.1332
1434.0	19366.06722
1436.0	19356.44052
1438.0	19374.02202
1440.0	19395.4996
1442.0	19391.09468
1444.0	19401.547749999998
1446.0	19378.15603
1448.0	19397.882540000002
1450.0	19338.626080000002
1452.0	19344.568160000003
1454.0	19356.130400000002
1456.0	19353.77047
1458.0	19374.686879999997
1460.0	19373.18343
1462.0	19380.66456
1464.0	19389.85555
1466.0	19389.53903
1468.0	19381.738599999997
1470.0	19369.62872
1472.0	19349.89195
1474.0	19343.26805
1476.0	19357.77052
1478.0	19367.909529999997
1480.0	19369.91155
1482.0	19388.74667
1484.0	19369.56878
1486.0	19316.31853
1488.0	19331.48582
1490.0	18348.088959999997
1492.0	11195.4302
1494.0	1705.35308
1496.0	-0.5954699999999999
1498.0	-0.57155
1500.0	-0.40624
1502.0	-0.44087
1504.0	-0.34825999999999996
1506.0	-0.33305999999999997
1508.0	-0.36951
1510.0	-0.509
1512.0	-0.45428
1514.0	-0.62212
1516.0	-0.6822199999999999
1518.0	-0.54862
1520.0	-0.46537
1522.0	-0.48801
1524.0	-0.42771
1526.0	-0.47870999999999997
1528.0	-0.5234000000000001
1530.0	-0.64293
1532.0	-0.5583600000000001
1534.0	-0.49699
1536.0	-0.4029
1538.0	-0.38017
1540.0	-0.46896
1542.0	-0.67042
1544.0	-0.70445
1546.0	-0.46923
1548.0	-0.44817
1550.0	-0.37903
1552.0	-0.6063900000000001
1554.0	-0.42294000000000004
1556.0	-0.52144
1558.0	-0.48361
1560.0	-0.61286
1562.0	-0.57116
1564.0	-0.6878500000000001
1566.0	-0.5424100000000001
1568.0	-0.62083
1570.0	-0.5989800000000001
1572.0	-0.47032999999999997
1574.0	-0.5421100000000001
1576.0	-0.44596
1578.0	-0.45061
1580.0	-0.37261
1582.0	-0.53949
1584.0	-0.44503000000000004
1586.0	-0.51387
1588.0	-0.47697
1590.0	-0.6212799999999999
1592.0	-0.67011
1594.0	-0.53739
1596.0	-0.52799
1598.0	-0.55864
1600.0	-0.39453999999999995
1602.0	-0.35872
TERM
