SR1 POWE
0.0	0.011905434782608694
2.0	0.012172608695652174
4.0	0.011081086956521739
6.0	0.012243260869565217
8.0	0.012639565217391305
10.0	0.013620869565217391
12.0	0.01182608695652174
14.0	0.011369565217391304
16.0	0.010615
18.0	0.011942608695652175
20.0	0.011907826086956522
22.0	0.011619565217391306
24.0	0.013054347826086957
26.0	0.011636086956521739
28.0	0.011733260869565216
30.0	0.013056956521739129
32.0	0.012686086956521738
34.0	0.012230434782608695
36.0	0.011963478260869563
38.0	0.013293478260869563
40.0	0.013029347826086958
42.0	0.013859347826086955
44.0	0.01268391304347826
46.0	0.011201521739130435
48.0	0.010676521739130434
50.0	0.011704565217391305
52.0	0.011111304347826088
54.0	0.011162608695652172
56.0	0.011914347826086956
58.0	0.012271739130434783
60.0	0.011789347826086956
62.0	0.01212717391304348
64.0	0.011407173913043479
66.0	0.011981521739130436
68.0	0.012352826086956523
70.0	0.010902173913043477
72.0	0.011302826086956522
74.0	0.011908695652173912
76.0	0.012345217391304347
78.0	0.01266021739130435
80.0	0.011119130434782609
82.0	0.011862608695652173
84.0	0.01093086956521739
86.0	0.011579782608695651
88.0	0.011658913043478263
90.0	0.011336739130434783
92.0	0.012255652173913043
94.0	0.011261956521739131
96.0	0.013524999999999999
98.0	0.012321304347826089
100.0	0.011839782608695653
102.0	0.01325891304347826
104.0	0.012446739130434783
106.0	0.012290434782608694
108.0	0.01217913043478261
110.0	0.01217891304347826
112.0	0.013319565217391305
114.0	0.012854130434782608
116.0	0.012363043478260869
118.0	0.012187391304347827
120.0	0.012284782608695654
122.0	0.013064130434782611
124.0	0.013847826086956522
126.0	0.012607608695652172
128.0	0.011981304347826086
130.0	0.010556521739130435
132.0	0.01272195652173913
134.0	0.012799347826086957
136.0	0.01333521739130435
138.0	0.012231739130434781
140.0	0.012138478260869567
142.0	0.013192391304347826
144.0	0.012360869565217394
146.0	0.012166956521739129
148.0	0.012555434782608696
150.0	0.012773260869565218
152.0	0.012010652173913044
154.0	0.012456956521739133
156.0	0.013506739130434783
158.0	0.014175
160.0	0.014322173913043478
162.0	0.012260869565217393
164.0	0.012405000000000001
166.0	0.012319130434782609
168.0	0.011737391304347828
170.0	0.010680434782608694
172.0	0.012713260869565216
174.0	0.011871956521739132
176.0	0.013099347826086955
178.0	0.012314130434782609
180.0	0.012916304347826086
182.0	0.012285434782608694
184.0	0.013569130434782608
186.0	0.010766739130434784
188.0	0.011452608695652173
190.0	0.012289565217391305
192.0	0.011988695652173913
194.0	0.01133891304347826
196.0	0.010777173913043477
198.0	0.012572826086956522
200.0	0.013214130434782609
202.0	0.013767173913043478
204.0	0.011683695652173913
206.0	0.012680652173913043
208.0	0.011362173913043479
210.0	0.012061739130434783
212.0	0.011274782608695652
214.0	0.012770434782608697
216.0	0.012407826086956522
218.0	0.01188782608695652
220.0	0.01251608695652174
222.0	0.011592608695652176
224.0	0.012777826086956521
226.0	0.012532608695652174
228.0	0.013374130434782609
230.0	0.012778478260869567
232.0	0.012492173913043476
234.0	0.011462826086956522
236.0	0.013315000000000002
238.0	0.012284130434782608
240.0	0.011828260869565219
242.0	0.01238195652173913
244.0	0.013346304347826089
246.0	0.01115413043478261
248.0	0.01223608695652174
250.0	0.01217804347826087
252.0	0.012229347826086956
254.0	0.012534565217391302
256.0	0.012410652173913043
258.0	0.011520652173913041
260.0	0.011109782608695652
262.0	0.012281739130434783
264.0	0.010400652173913044
266.0	0.012613478260869565
268.0	0.012166304347826087
270.0	0.011604782608695652
272.0	0.010012173913043477
274.0	0.011460217391304348
276.0	0.011220434782608696
278.0	0.011970652173913044
280.0	0.011709565217391305
282.0	0.011736739130434782
284.0	0.013252608695652172
286.0	0.01313521739130435
288.0	0.013013478260869566
290.0	0.01187608695652174
292.0	0.012350652173913044
294.0	0.012076956521739131
296.0	0.013111304347826086
298.0	0.012306086956521738
300.0	0.011336304347826088
302.0	0.013252826086956522
304.0	0.012133478260869567
306.0	0.010774130434782607
308.0	0.01162695652173913
310.0	0.011701739130434782
312.0	0.01190413043478261
314.0	0.01201086956521739
316.0	0.010074782608695652
318.0	0.011488913043478259
320.0	0.012464347826086956
322.0	0.01204217391304348
324.0	0.013178478260869566
326.0	0.01329608695652174
328.0	0.011594347826086957
330.0	0.011167173913043478
332.0	0.010866304347826088
334.0	0.012625652173913045
336.0	0.012289565217391305
338.0	0.012828260869565216
340.0	0.012887608695652175
342.0	0.012746521739130434
344.0	0.01297413043478261
346.0	0.012454782608695652
348.0	0.011227826086956523
350.0	0.01361173913043478
352.0	0.012727173913043477
354.0	0.01303391304347826
356.0	0.013476521739130436
358.0	0.012763913043478261
360.0	0.011474130434782608
362.0	0.01226478260869565
364.0	0.012550217391304347
366.0	0.013412391304347826
368.0	0.01378304347826087
370.0	0.012969782608695652
372.0	0.011870652173913043
374.0	0.011730869565217392
376.0	0.012772391304347826
378.0	0.013091086956521739
380.0	0.013053260869565219
382.0	0.012625869565217392
384.0	0.012033260869565217
386.0	0.012322826086956524
388.0	0.012854347826086958
390.0	0.012805
392.0	0.013619999999999998
394.0	0.012182173913043479
396.0	0.012969130434782608
398.0	0.011358260869565217
400.0	0.011749565217391303
402.0	0.010633478260869566
404.0	0.012079782608695652
406.0	0.012005
408.0	0.012659782608695653
410.0	0.013322826086956521
412.0	0.012199782608695654
414.0	0.012961304347826086
416.0	0.012392826086956521
418.0	0.013602173913043476
420.0	0.01240413043478261
422.0	0.012503043478260869
424.0	0.01180586956521739
426.0	0.01323108695652174
428.0	0.013069782608695653
430.0	0.01238695652173913
432.0	0.013806956521739132
434.0	0.012281086956521737
436.0	0.012471956521739129
438.0	0.012043260869565217
440.0	0.011929130434782609
442.0	0.012403695652173911
444.0	0.011843478260869567
446.0	0.011684130434782608
448.0	0.012036521739130434
450.0	0.011678478260869565
452.0	0.01217913043478261
454.0	0.011450869565217393
456.0	0.011280217391304349
458.0	0.011406739130434784
460.0	0.012895434782608696
462.0	0.013035
464.0	0.01288
466.0	0.013651739130434782
468.0	0.013184347826086955
470.0	0.013110869565217391
472.0	0.01198891304347826
474.0	0.012433260869565218
476.0	0.012170434782608696
478.0	0.013598478260869566
480.0	0.012879130434782608
482.0	0.013085434782608695
484.0	0.012926304347826087
486.0	0.012012826086956523
488.0	0.013175652173913045
490.0	0.011956521739130435
492.0	0.011735434782608696
494.0	0.014323260869565216
496.0	0.012339347826086955
498.0	0.012671304347826089
500.0	0.012812173913043479
502.0	0.011594565217391304
504.0	0.011992826086956522
506.0	0.011637608695652174
508.0	0.011254130434782609
510.0	0.012957173913043477
512.0	0.013436521739130434
514.0	0.01299782608695652
516.0	0.013342173913043476
518.0	0.011480434782608696
520.0	0.014122608695652173
522.0	0.012985434782608695
524.0	0.013213043478260869
526.0	0.012966521739130434
528.0	0.01271586956521739
530.0	0.01232978260869565
532.0	0.012544782608695652
534.0	0.012442173913043477
536.0	0.011891956521739131
538.0	0.011036521739130434
540.0	0.011688260869565217
542.0	0.011859130434782608
544.0	0.012049130434782607
546.0	0.011834999999999998
548.0	0.01172521739130435
550.0	0.012396304347826088
552.0	0.012625434782608696
554.0	0.012904347826086958
556.0	0.01273195652173913
558.0	0.011185869565217393
560.0	0.01189586956521739
562.0	0.012379782608695654
564.0	0.013791521739130433
566.0	0.012294782608695652
568.0	0.012931521739130435
570.0	0.013273478260869566
572.0	0.01320195652173913
574.0	0.013264565217391307
576.0	0.012449565217391304
578.0	0.011984130434782607
580.0	0.012165434782608694
582.0	0.011474347826086959
584.0	0.012664565217391306
586.0	0.012382608695652175
588.0	0.012890217391304347
590.0	0.011706086956521741
592.0	0.013091086956521739
594.0	0.01249695652173913
596.0	0.012429347826086956
598.0	0.01406695652173913
600.0	0.013020434782608694
602.0	0.01157913043478261
604.0	0.01325086956521739
606.0	0.012916739130434783
608.0	0.012101304347826088
610.0	0.013837826086956521
612.0	0.012350434782608695
614.0	0.013008913043478261
616.0	0.012860434782608695
618.0	0.012416956521739131
620.0	0.012604565217391306
622.0	0.011710217391304347
624.0	0.013017826086956522
626.0	0.01213108695652174
628.0	0.011094999999999999
630.0	0.011790652173913044
632.0	0.012456086956521738
634.0	0.011970869565217392
636.0	0.012712391304347826
638.0	0.012193260869565218
640.0	0.012359130434782609
642.0	0.01127195652173913
644.0	0.011641304347826087
646.0	0.013827391304347828
648.0	0.012980869565217391
650.0	0.012518260869565218
652.0	0.013257391304347825
654.0	0.012771304347826086
656.0	0.01189217391304348
658.0	0.011778478260869566
660.0	0.011228695652173912
662.0	0.01154
664.0	0.012598043478260868
666.0	0.012594782608695652
668.0	0.01289108695652174
670.0	0.010898260869565217
672.0	0.011348913043478261
674.0	0.011120869565217392
676.0	0.012893695652173914
678.0	0.013194782608695653
680.0	0.01361195652173913
682.0	0.01282130434782609
684.0	0.011505652173913045
686.0	0.011934347826086957
688.0	0.012170652173913043
690.0	0.012163695652173914
692.0	0.012657173913043478
694.0	0.012916739130434783
696.0	0.012688260869565217
698.0	0.011782173913043476
700.0	0.012518478260869567
702.0	0.01282413043478261
704.0	0.01315891304347826
706.0	0.01355695652173913
708.0	0.011518695652173913
710.0	0.011238695652173914
712.0	0.011912826086956523
714.0	0.011574782608695653
716.0	0.012990434782608695
718.0	0.012456304347826087
720.0	0.013350652173913043
722.0	0.011884999999999998
724.0	0.01245
726.0	0.012434782608695653
728.0	0.012709347826086959
730.0	0.011179782608695652
732.0	0.01287326086956522
734.0	0.012581086956521739
736.0	0.012529565217391306
738.0	0.012681739130434782
740.0	0.012038695652173914
742.0	0.013838695652173914
744.0	0.011915434782608696
746.0	0.01127695652173913
748.0	0.011657826086956521
750.0	0.011237391304347828
752.0	0.011651739130434782
754.0	0.012528260869565216
756.0	0.012380652173913043
758.0	0.012803260869565217
760.0	0.012680652173913043
762.0	0.013640217391304346
764.0	0.012772391304347826
766.0	0.01247695652173913
768.0	0.01315586956521739
770.0	0.012031956521739131
772.0	0.011609782608695652
774.0	0.011399565217391303
776.0	0.01187608695652174
778.0	0.012828695652173913
780.0	0.012930434782608696
782.0	0.012691956521739132
784.0	0.012499999999999999
786.0	0.01295
788.0	0.012320869565217392
790.0	0.013183478260869564
792.0	0.012571521739130434
794.0	0.012912391304347825
796.0	0.012144565217391306
798.0	0.01138108695652174
800.0	0.012901521739130437
802.0	0.012021304347826087
804.0	0.01268717391304348
806.0	0.014015434782608695
808.0	0.012126086956521738
810.0	0.012424782608695653
812.0	0.011804782608695651
814.0	0.013577826086956523
816.0	0.012767173913043477
818.0	0.011949999999999999
820.0	0.011650217391304347
822.0	0.011085869565217392
824.0	0.01114891304347826
826.0	0.010974347826086958
828.0	0.011174565217391304
830.0	0.011118260869565218
832.0	0.011687391304347828
834.0	0.011041739130434783
836.0	0.012020652173913042
838.0	0.011828478260869565
840.0	0.011464130434782609
842.0	0.011764565217391306
844.0	0.011581739130434783
846.0	0.011147608695652173
848.0	0.012829565217391302
850.0	0.012557826086956523
852.0	0.012245652173913045
854.0	0.012255217391304349
856.0	0.012476086956521738
858.0	0.012440434782608695
860.0	0.01189217391304348
862.0	0.011535434782608697
864.0	0.012885869565217391
866.0	0.01270195652173913
868.0	0.012917173913043478
870.0	0.01292
872.0	0.012431086956521738
874.0	0.012862608695652174
876.0	0.013726956521739131
878.0	0.01323391304347826
880.0	0.01270891304347826
882.0	0.01236282608695652
884.0	0.013009347826086955
886.0	0.013107826086956523
888.0	0.012555869565217393
890.0	0.012435652173913044
892.0	0.01240282608695652
894.0	0.012529565217391306
896.0	0.011299565217391302
898.0	0.012339130434782608
900.0	0.010960217391304348
902.0	0.011623913043478262
904.0	0.012281304347826087
906.0	0.012020652173913042
908.0	0.012589347826086957
910.0	0.012339347826086955
912.0	0.011797391304347827
914.0	0.010960000000000001
916.0	0.011477826086956522
918.0	0.01260108695652174
920.0	0.011724347826086957
922.0	0.011916086956521741
924.0	0.011447173913043477
926.0	0.01254304347826087
928.0	0.012377391304347826
930.0	0.012342826086956521
932.0	0.011980217391304348
934.0	0.013900652173913041
936.0	0.011971086956521739
938.0	0.012301739130434784
940.0	0.011596521739130436
942.0	0.010585217391304347
944.0	0.01222086956521739
946.0	0.01208608695652174
948.0	0.011857391304347827
950.0	0.012346521739130435
952.0	0.012542173913043478
954.0	0.012600652173913042
956.0	0.012223913043478259
958.0	0.012956521739130434
960.0	0.012155217391304348
962.0	0.011989782608695654
964.0	0.012020869565217392
966.0	0.011537608695652174
968.0	0.013006739130434783
970.0	0.011691956521739131
972.0	0.013043478260869565
974.0	0.013256956521739128
976.0	0.012469999999999998
978.0	0.011675652173913044
980.0	0.013403260869565219
982.0	0.012237608695652175
984.0	0.013661304347826086
986.0	0.013356739130434782
988.0	0.011448913043478262
990.0	0.011254347826086955
992.0	0.012156304347826085
994.0	0.012089565217391306
996.0	0.012678260869565217
998.0	0.013230869565217393
1000.0	0.013174565217391306
1002.0	0.012652391304347827
1004.0	0.011551739130434785
1006.0	0.011269347826086957
1008.0	0.011445869565217393
1010.0	0.012385434782608696
1012.0	0.01265304347826087
1014.0	0.011809130434782607
1016.0	0.01169217391304348
1018.0	0.011599565217391304
1020.0	0.01294804347826087
1022.0	0.012874130434782608
1024.0	0.01265
1026.0	0.01204195652173913
1028.0	0.011883260869565216
1030.0	0.01055804347826087
1032.0	0.011644782608695652
1034.0	0.011981521739130436
1036.0	0.011528260869565217
1038.0	0.01129282608695652
1040.0	0.01223978260869565
1042.0	0.012374347826086955
1044.0	0.013316739130434782
1046.0	0.012842173913043476
1048.0	0.013180652173913043
1050.0	0.011794782608695651
1052.0	0.012516956521739132
1054.0	0.01279608695652174
1056.0	0.013959782608695652
1058.0	0.012050434782608694
1060.0	0.012194565217391304
1062.0	0.012841521739130436
1064.0	0.013528260869565217
1066.0	0.012757173913043478
1068.0	0.01341782608695652
1070.0	0.011328260869565218
1072.0	0.012261739130434782
1074.0	0.011458695652173913
1076.0	0.011002391304347827
1078.0	0.012569782608695653
1080.0	20.336108260869565
1082.0	670.0797808695652
1084.0	1303.0745945652175
1086.0	1853.318357173913
1088.0	2127.688808695652
1090.0	2109.0765186956523
1092.0	2087.949675652174
1094.0	2069.993984347826
1096.0	2058.493523913043
1098.0	2046.341082391304
1100.0	2036.615941304348
1102.0	2029.2596941304348
1104.0	2021.829900869565
1106.0	2017.664354347826
1108.0	2014.415366304348
1110.0	2011.3750271739132
1112.0	2012.350178695652
1114.0	2009.3557660869565
1116.0	2005.9399804347825
1118.0	2007.1831613043478
1120.0	2004.7486330434783
1122.0	2005.4489280434782
1124.0	2006.0511971739131
1126.0	2004.2597780434783
1128.0	2004.1346826086956
1130.0	2003.5942867391307
1132.0	2002.9600069565217
1134.0	2000.7105347826086
1136.0	2000.8028154347824
1138.0	1999.8398660869564
1140.0	1997.9519119565216
1142.0	1998.130974347826
1144.0	1999.5600160869565
1146.0	1999.4047806521742
1148.0	2000.7206239130435
1150.0	2001.9186036956523
1152.0	2001.6100454347825
1154.0	2001.801514130435
1156.0	2002.909520652174
1158.0	2001.3915817391303
1160.0	1998.3278241304347
1162.0	1997.6487986956522
1164.0	1995.3851126086956
1166.0	1998.1808443478262
1168.0	1997.7086939130436
1170.0	1999.563209130435
1172.0	2000.536569347826
1174.0	1999.8612663043477
1176.0	2000.1892423913043
1178.0	2001.937919347826
1180.0	2000.480872173913
1182.0	2002.5192060869563
1184.0	2003.1144058695652
1186.0	2001.8048978260872
1188.0	2000.4622395652177
1190.0	2002.2965934782608
1192.0	2001.3397715217393
1194.0	2001.2994817391302
1196.0	1999.0404393478261
1198.0	1997.5200434782607
1200.0	1998.0244330434782
1202.0	1998.600614347826
1204.0	1999.7575995652173
1206.0	2000.488678478261
1208.0	1998.7482073913043
1210.0	1997.5253380434783
1212.0	1998.5757860869564
1214.0	2001.6666367391301
1216.0	2002.3464399999998
1218.0	1998.3936054347826
1220.0	1996.4821523913045
1222.0	2001.3535095652173
1224.0	2003.5072808695654
1226.0	2000.9179258695651
1228.0	1999.3361732608698
1230.0	1998.9547308695653
1232.0	1997.8079893478262
1234.0	1997.7748456521738
1236.0	1999.3891195652175
1238.0	1999.8752802173913
1240.0	1998.7260956521743
1242.0	2002.0274104347827
1244.0	2002.9824110869565
1246.0	2000.391171956522
1248.0	2000.393966521739
1250.0	2001.3174280434782
1252.0	2000.5977347826088
1254.0	2000.3994019565218
1256.0	2000.616733695652
1258.0	2000.9941552173914
1260.0	1998.3689130434782
1262.0	2000.4754954347827
1264.0	2000.3441078260869
1266.0	1999.667812826087
1268.0	1999.6432289130437
1270.0	1997.004947826087
1272.0	1998.6698636956523
1274.0	2000.992222826087
1276.0	2001.821057826087
1278.0	2000.3679608695652
1280.0	1999.4826943478263
1282.0	1997.7065593478262
1284.0	1999.1740232608695
1286.0	2000.6338782608696
1288.0	2000.5812728260871
1290.0	1999.0621223913042
1292.0	1997.674274130435
1294.0	1999.310794347826
1296.0	2000.214062173913
1298.0	2002.1878267391303
1300.0	2001.9459036956523
1302.0	2000.5020854347824
1304.0	1999.0000413043476
1306.0	1996.3856302173913
1308.0	1998.3184030434784
1310.0	1999.222223478261
1312.0	1999.0326413043479
1314.0	1998.0872089130432
1316.0	2001.0890239130433
1318.0	2002.1315734782606
1320.0	2000.4337330434782
1322.0	1999.4484047826086
1324.0	2002.1373763043478
1326.0	2001.2907249999998
1328.0	2001.9011973913043
1330.0	2002.9840343478263
1332.0	2001.1504463043475
1334.0	2000.2273086956518
1336.0	2001.8095736956523
1338.0	2001.006404130435
1340.0	2000.380915
1342.0	1998.507503478261
1344.0	1999.5617752173914
1346.0	1998.5883673913042
1348.0	1995.9820986956522
1350.0	1997.5093254347828
1352.0	1999.6502823913042
1354.0	1998.3034056521742
1356.0	1999.3133793478262
1358.0	1998.3180143478262
1360.0	2001.7800606521737
1362.0	2001.838346521739
1364.0	2002.6868965217388
1366.0	2002.819825
1368.0	2002.121675652174
1370.0	2000.662075652174
1372.0	2000.7109697826088
1374.0	1999.3381910869566
1376.0	1999.1115510869568
1378.0	1997.6522630434781
1380.0	1996.8528678260868
1382.0	1997.9804780434781
1384.0	1999.3637097826086
1386.0	1998.8588263043478
1388.0	2001.0272654347825
1390.0	2002.2786693478258
1392.0	2002.5876660869567
1394.0	2001.9412630434783
1396.0	2002.4966028260872
1398.0	1999.2937669565217
1400.0	2000.410265
1402.0	2000.614195
1404.0	1999.228842173913
1406.0	1995.8931504347825
1408.0	1999.3852765217393
1410.0	1999.4263141304345
1412.0	1998.7104352173913
1414.0	1998.702786521739
1416.0	1999.4260626086955
1418.0	1999.757722173913
1420.0	1997.3674991304347
1422.0	1999.885965
1424.0	1999.6773519565218
1426.0	1998.2573189130433
1428.0	2000.0988428260869
1430.0	2000.745840652174
1432.0	2002.6594447826087
1434.0	1999.6618995652177
1436.0	2000.2389982608697
1438.0	2000.4743108695654
1440.0	1998.5949410869566
1442.0	1999.689904782609
1444.0	1998.2926952173914
1446.0	1998.6066452173916
1448.0	2001.8187593478262
1450.0	1999.692228043478
1452.0	2000.3282026086956
1454.0	2002.4964778260871
1456.0	2003.5147871739132
1458.0	2002.056676521739
1460.0	1999.687359347826
1462.0	1999.8623332608695
1464.0	1998.5905445652172
1466.0	1997.6817676086957
1468.0	1998.667420652174
1470.0	1997.7345115217393
1472.0	2001.0191593478262
1474.0	2002.2000523913043
1476.0	2002.0154978260869
1478.0	2001.0562419565217
1480.0	1997.7628634782611
1482.0	1998.4875102173914
1484.0	1997.9567126086954
1486.0	1998.5393908695653
1488.0	2000.5508752173912
1490.0	2000.9327432608695
1492.0	2000.4748280434783
1494.0	2000.4709623913045
1496.0	2000.9819628260868
1498.0	1998.3846421739129
1500.0	1530.3147649999999
1502.0	1055.4009758695652
1504.0	468.5879619565217
1506.0	41.13164543478261
1508.0	-0.000951304347826087
1510.0	0.003676739130434783
1512.0	0.0063232608695652165
1514.0	0.00753913043478261
1516.0	0.008105869565217392
1518.0	0.009763260869565218
1520.0	0.010645
1522.0	0.011577608695652174
1524.0	0.013786304347826087
1526.0	0.012333043478260869
1528.0	0.01235413043478261
1530.0	0.01226586956521739
1532.0	0.013256521739130434
1534.0	0.012792173913043478
1536.0	0.014009565217391304
1538.0	0.012047608695652173
1540.0	0.012804347826086956
1542.0	0.012140434782608695
1544.0	0.01311108695652174
1546.0	0.011748260869565218
1548.0	0.013218478260869564
1550.0	0.013475
1552.0	0.01146086956521739
1554.0	0.01156413043478261
1556.0	0.011844347826086956
1558.0	0.011282173913043479
1560.0	0.012498695652173913
1562.0	0.012039347826086955
1564.0	0.010455434782608696
1566.0	0.012649130434782609
1568.0	0.013257608695652174
1570.0	0.011863695652173914
1572.0	0.012015652173913044
1574.0	0.01311195652173913
1576.0	0.013281086956521738
1578.0	0.012921304347826087
1580.0	0.013302391304347827
1582.0	0.012270652173913044
1584.0	0.011801304347826088
1586.0	0.012108043478260869
1588.0	0.011851739130434783
1590.0	0.011522826086956522
1592.0	0.012255869565217391
1594.0	0.013438913043478261
1596.0	0.013892826086956522
1598.0	0.013195217391304349
1600.0	0.013500217391304347
1602.0	0.012057391304347827
TERM
