SR1 TIMP
552.71
552.3499999999999
552.28
552.14
551.92
551.99
551.71
551.56
551.42
551.3499999999999
551.21
551.28
551.28
551.49
551.49
551.71
551.42
551.71
551.78
552.21
552.21
552.64
553.21
553.99
554.3499999999999
554.64
555.28
559.79
562.29
563.3599999999999
563.72
564.22
564.51
564.65
564.65
564.94
564.72
564.79
564.79
564.72
564.94
564.79
565.15
565.44
565.8
566.15
566.5799999999999
567.01
567.5799999999999
568.23
568.87
569.5899999999999
570.16
570.8
571.5899999999999
573.0899999999999
573.88
574.81
575.88
576.67
577.95
578.81
579.74
580.74
581.39
582.5999999999999
583.25
584.18
585.18
586.3199999999999
586.5999999999999
587.81
588.44
589.76
590.26
591.5799999999999
592.14
592.98
594.17
594.5899999999999
595.99
596.76
597.74
598.65
599.21
599.77
600.8199999999999
601.46
602.5
603.2
604.04
604.88
606.0899999999999
606.71
607.7
608.68
609.18
610.0
610.76
611.67
612.53
613.0699999999999
613.77
614.8199999999999
615.66
616.78
617.48
618.53
619.02
618.74
620.56
621.89
622.31
623.64
624.06
624.55
625.88
626.51
627.3499999999999
628.05
628.96
629.73
630.5699999999999
631.48
632.3199999999999
633.24
633.8
635.01
635.9
636.68
637.45
638.3399999999999
639.14
640.12
640.8
641.56
642.3299999999999
643.0999999999999
644.01
644.71
645.48
646.39
646.53
647.44
648.42
649.4
649.4
650.45
651.0799999999999
652.2
652.55
653.81
653.88
654.3
655.3499999999999
656.12
656.75
656.96
658.3599999999999
659.2
659.76
660.81
660.95
661.3
662.28
663.19
664.52
664.8
666.13
666.27
666.8299999999999
667.04
669.21
668.79
669.49
670.3299999999999
670.89
671.17
671.66
672.5699999999999
673.97
673.64
674.69
676.0699999999999
676.71
677.06
678.13
678.41
679.1099999999999
679.81
679.68
681.01
680.73
681.0799999999999
681.3599999999999
682.48
684.51
684.23
684.72
685.56
686.26
686.96
687.38
688.0799999999999
688.22
688.88
689.9
690.3299999999999
690.46
691.44
692.51
691.72
692.5699999999999
694.3299999999999
695.01
695.04
695.15
696.13
697.28
697.63
698.12
698.4
699.0999999999999
699.5899999999999
700.29
700.8499999999999
701.13
700.98
702.8
702.5999999999999
703.78
704.05
705.0899999999999
705.51
704.4
706.68
706.95
707.24
708.3399999999999
708.3399999999999
708.9
708.41
708.41
710.63
711.1099999999999
711.5999999999999
711.96
712.72
712.43
712.71
714.02
714.38
715.2
715.9
716.72
717.27
716.25
717.77
718.39
719.52
719.51
720.0699999999999
721.04
721.39
720.76
722.22
722.8299999999999
723.54
723.54
723.95
724.92
725.27
725.54
726.79
727.0
727.62
727.41
728.52
728.52
729.01
730.67
730.05
730.81
731.63
731.78
731.5
732.6099999999999
733.3
733.5799999999999
733.63
734.5999999999999
734.46
734.94
736.12
735.55
737.21
737.3599999999999
737.8299999999999
738.8199999999999
738.96
740.3599999999999
742.77
746.38
751.02
756.21
761.75
767.77
773.0999999999999
778.99
782.24
792.8299999999999
796.36
806.05
815.6
783.28
768.53
675.27
698.23
685.21
409.46
406.46
678.3499999999999
754.62
666.73
406.11
405.11
404.39
406.67999999999995
408.81999999999994
403.9
407.75
407.46
404.31999999999994
406.96
406.17999999999995
406.03999999999996
407.03999999999996
402.96999999999997
406.17999999999995
406.96
403.53999999999996
404.89
405.31999999999994
404.89
405.61
404.96999999999997
403.25
403.03999999999996
404.31999999999994
403.96999999999997
406.67999999999995
404.11
403.03999999999996
404.17999999999995
405.89
403.67999999999995
404.96999999999997
402.53999999999996
404.46999999999997
404.11
403.46999999999997
403.46999999999997
403.67999999999995
404.17999999999995
403.4
404.53999999999996
403.31999999999994
403.25
403.61
403.31999999999994
404.89
403.9
403.9
404.03999999999996
402.75
404.03999999999996
403.16999999999996
405.03
403.96999999999997
403.16999999999996
405.73
404.52
404.53999999999996
405.24
404.17999999999995
403.9
405.38
405.23
404.67999999999995
405.31999999999994
405.11
403.67999999999995
405.53999999999996
405.31999999999994
404.03999999999996
405.25
406.17999999999995
404.61
405.11
406.03999999999996
403.59999999999997
405.11
406.88
404.81999999999994
404.89
404.11
405.96
405.46999999999997
404.96999999999997
404.53999999999996
406.03999999999996
403.31999999999994
404.89
404.53999999999996
404.39
405.53999999999996
405.75
404.89
404.25
405.67999999999995
405.53999999999996
405.11
404.81999999999994
405.25
405.31999999999994
404.03999999999996
406.25
404.67999999999995
404.96999999999997
404.11
405.25
405.17999999999995
405.89
405.31999999999994
405.39
405.09999999999997
405.17999999999995
404.92999999999995
405.58
405.08
405.59
405.21999999999997
405.96
405.73
405.23
405.25
404.67999999999995
405.52
405.81999999999994
405.03999999999996
404.81999999999994
404.67999999999995
405.03999999999996
404.25
405.61
404.46999999999997
404.75
404.89
404.46999999999997
404.39
404.31999999999994
403.81999999999994
404.67999999999995
404.61
404.81999999999994
403.75
403.96999999999997
405.39
404.46999999999997
403.67999999999995
404.03999999999996
404.31999999999994
404.17999999999995
404.11
403.96999999999997
405.17999999999995
403.9
403.17999999999995
404.25
404.81999999999994
404.03999999999996
404.25
405.03999999999996
404.61
404.46999999999997
405.53999999999996
403.9
405.46999999999997
404.81999999999994
404.25
404.4
403.4
398.46999999999997
397.9
392.62
393.04999999999995
388.2
TERM
