SR1 H
40.47150492786534
40.43317661540331
40.42572769469041
40.41083357049677
40.387438530029456
40.394881079387446
40.36511831258506
40.34918212285649
40.33431347430841
40.326881006616844
40.31201978381442
40.31944977649101
40.31944977649101
40.341747179682606
40.341747179682606
40.36511831258506
40.33431347430841
40.36511831258506
40.37255714674496
40.41828001309367
40.41828001309367
40.464049632711564
40.52479309942495
40.60804905897677
40.64652688721635
40.67754681516578
40.74608009528455
41.231979271389264
41.50356097133437
41.620287123147364
41.65962551434784
41.71431737834897
41.7460680895459
41.76140375552663
41.76140375552663
41.79318652276919
41.76907347806362
41.776744460454495
41.776744460454495
41.76907347806362
41.79318652276919
41.776744460454495
41.816215131966395
41.848035196619236
41.88756607833647
41.92603087180095
41.97333081900494
42.02067842339301
42.08351503063325
42.155273145484706
42.22603391802438
42.30576636530754
42.36898301650911
42.44006338990025
42.527949634011094
42.695267993315724
42.783624070214564
42.88784633009018
43.0080367631738
43.09696716108544
43.24140300241188
43.33868652649317
43.44410648133085
43.557714324099734
43.63170020000165
43.76972353599935
43.84402736670184
43.95053255709407
44.06530877743593
44.1964758047803
44.228744823150386
44.36843166065946
44.4413147085295
44.594363437500405
44.65245726094967
44.80614434750926
44.871485038701174
44.96965276160712
45.109045916543906
45.15833378839341
45.32296734414474
45.41373943270114
45.52949738694493
45.637217673509724
45.70361764307515
45.77010192288774
45.89498739799739
45.97125373176604
46.095422096723745
46.1791613433899
46.279823217507875
46.38067594910043
46.526287788914736
46.601052620719585
46.720651498766514
46.83930461179768
46.899942559438834
46.999536148548124
47.092006017116695
47.20293379922737
47.30797448919492
47.37403359440286
47.459784501440076
47.58866245199408
47.69198241933983
47.83004363900532
47.91650693369624
48.04645462532377
48.10720077308905
48.07248058899601
48.298548191798346
48.464329704443465
48.51678335974845
48.68320873716739
48.73586593698158
48.797361162663734
48.964612708973206
49.044008664189285
49.15004167239069
49.238552572209
49.35382089020378
49.451536046661694
49.55832321941934
49.67423189347847
49.78143018101118
49.89906461404595
49.970784372543555
50.12605085369959
50.24051770948638
50.341020197411815
50.44040223229356
50.55548059336516
50.65911254903236
50.786308048530394
50.8747257230428
50.97370033694024
51.074144099779744
51.17475595918214
51.29387781583932
51.38567008310542
51.48680249563672
51.60654017036252
51.62498228460766
51.74499220125543
51.87449783130966
52.00427773978526
52.00427773978526
52.14363237058505
52.227396622336414
52.37659166490061
52.42328889148574
52.59169010857795
52.601059104932915
52.65730266525619
52.79813356729271
52.90161130312862
52.986401997565046
53.01469099695803
53.203609609941616
53.31723258028785
53.39309460271806
53.53558059560318
53.55460285996278
53.60218337757543
53.73559784655332
53.859732349727565
54.041592667769834
54.07994462970881
54.262428307037304
54.281667108231424
54.35867948775478
54.3875827230024
54.68700389192327
54.62894396283683
54.72573919048266
54.84208282831809
54.91976011335359
54.958633236219065
55.02671654191077
55.153343952746845
55.34863052418174
55.30254676902288
55.44928815355706
55.64264215133513
55.73250420061773
55.78169864859222
55.932317528834176
55.97178768468266
56.07056454671043
56.169486462669916
56.151104276516776
56.33940469855915
56.299718920086015
56.34932977715212
56.38904463092374
56.54813680709454
56.837441848809156
56.79746479225269
56.867439965998734
56.987563856459495
57.08782783200022
57.18823805336332
57.24855443271833
57.349198890109456
57.36934536375925
57.464400581947565
57.61156062089689
57.67369208689689
57.69248693161536
57.83433430808185
57.989537765304036
57.87491507528127
57.998250948925644
58.25431943026064
58.35350475899119
58.35788379184308
58.37394256685144
58.5171727292495
58.685618616211954
58.736964061998094
58.808909908661015
58.85005442750201
58.95301952961614
59.025183383956794
59.12840081208272
59.21108172989096
59.25245786776819
59.23028912077869
59.49973143832331
59.47007316732952
59.64523284088424
59.68537131948299
59.840186286354324
59.902801165896214
59.73743572127651
60.0775121142271
60.11788937680579
60.16128235447526
60.32611010779488
60.32611010779488
60.41016460612113
60.33661167143246
60.33661167143246
60.670439692795725
60.74281737157635
60.81677585724428
60.87115968507607
60.98610075360486
60.94222071620777
60.98458721846707
61.18312225044307
61.237774019675065
61.362407653985834
61.46896623154639
61.59398428717602
61.67795419873716
61.5223022080653
61.75437159573303
61.84923652022443
62.02244146352428
62.020906942394255
62.106887840596485
62.25604908183114
62.30994180970201
62.21296226807876
62.437896599822096
62.532072108487434
62.641831919110665
62.641831919110665
62.70528577570429
62.85561669868954
62.90993178159109
62.95185807961529
63.1462576495063
63.178964626965865
63.27560845628326
63.242860805599996
63.416111679225175
63.416111679225175
63.49271439943242
63.75278444878181
63.65554884070199
63.77475755539538
63.903580649759256
63.92716868033515
63.88314340287048
64.05781682969963
64.16659271525343
64.21077635219835
64.21866888226474
64.37193963797753
64.34979979687378
64.42573352170626
64.61271253867983
64.52233736424525
64.78582065741695
64.8096722345251
64.88445320004652
65.04219897236568
65.06453147032984
65.28819767177505
65.67467833342654
66.25705098057074
67.01169159606371
67.86396012538287
68.78328277078755
69.79353854862005
70.69786505398966
71.70804552207542
72.27034260209349
74.12689191456326
74.75406345750444
76.49723651421597
78.24638682565032
72.4510157560855
69.92191800574474
55.530484495954084
58.82507099802946
56.93748667440743
27.64296343310801
27.422608782026483
55.9633278421822
67.6019404166168
54.34492056627926
27.397020084313088
27.324046598500026
27.271631290576398
27.438705850590104
27.59580047015301
27.236019820792382
27.51713654557454
27.495856605884992
27.2665409609239
27.45920726358049
27.402135832481463
27.391905331598494
27.465067739401803
27.168564317759365
27.402135832481463
27.45920726358049
27.209887261731467
27.308019661080824
27.339354195748097
27.308019661080824
27.360507968440054
27.313846502796448
27.18885509919179
27.173635527496565
27.2665409609239
27.241104197375904
27.438705850590104
27.25127592631896
27.173635527496565
27.25636327891188
27.380948498705685
27.220046807610732
27.313846502796448
27.137434320616155
27.27745002559818
27.25127592631896
27.20480897560464
27.20480897560464
27.220046807610732
27.25636327891188
27.199731680530753
27.28254248236478
27.193930270973716
27.18885509919179
27.21496653902793
27.193930270973716
27.308019661080824
27.236019820792382
27.236019820792382
27.246189565845878
27.152632676002042
27.246189565845878
27.18305611594796
27.318217485690855
27.241104197375904
27.18305611594796
27.36926624661747
27.28108739341242
27.28254248236478
27.333521675298403
27.25636327891188
27.236019820792382
27.34372943819314
27.332792701531798
27.29273037452452
27.339354195748097
27.324046598500026
27.220046807610732
27.355400322716086
27.339354195748097
27.246189565845878
27.334250669350787
27.402135832481463
27.287635931967994
27.324046598500026
27.391905331598494
27.214240867297306
27.324046598500026
27.45334808979438
27.302922238964253
27.308019661080824
27.25127592631896
27.386061118697977
27.350293671495717
27.313846502796448
27.28254248236478
27.391905331598494
27.193930270973716
27.308019661080824
27.28254248236478
27.271631290576398
27.355400322716086
27.37072624386554
27.308019661080824
27.26145162374129
27.36561660878431
27.355400322716086
27.324046598500026
27.302922238964253
27.334250669350787
27.339354195748097
27.246189565845878
27.407252576220287
27.29273037452452
27.313846502796448
27.25127592631896
27.334250669350787
27.32914813697367
27.380948498705685
27.339354195748097
27.344458716282254
27.323317888417684
27.32914813697367
27.31093291973672
27.358318855632064
27.321860529095716
27.359048539603588
27.332063748050643
27.386061118697977
27.36926624661747
27.332792701531798
27.334250669350787
27.29273037452452
27.353941178035413
27.37583687380044
27.318946053813185
27.302922238964253
27.29273037452452
27.318946053813185
27.26145162374129
27.360507968440054
27.27745002559818
27.29782581015104
27.308019661080824
27.27745002559818
27.271631290576398
27.2665409609239
27.23021031910206
27.29273037452452
27.287635931967994
27.302922238964253
27.225128067596543
27.241104197375904
27.344458716282254
27.27745002559818
27.220046807610732
27.246189565845878
27.2665409609239
27.25636327891188
27.25127592631896
27.241104197375904
27.32914813697367
27.236019820792382
27.18378091809609
27.26145162374129
27.302922238964253
27.246189565845878
27.26145162374129
27.318946053813185
27.287635931967994
27.27745002559818
27.355400322716086
27.236019820792382
27.350293671495717
27.302922238964253
27.26145162374129
27.272358561551506
27.199731680530753
26.84463075719694
26.80388960833788
26.429584036827606
26.459859527356492
26.12050362163855
TERM
