SR1 table
3.07416595E+02
3.07416595E+02
3.07345215E+02
3.07345215E+02
3.07273834E+02
3.07274017E+02
3.07273834E+02
3.07281616E+02
3.07211090E+02
3.07206940E+02
3.07234009E+02
3.07155487E+02
3.07158508E+02
3.07153442E+02
3.07059692E+02
3.07061310E+02
3.07059692E+02
3.07072906E+02
3.06988342E+02
3.07003632E+02
3.06930237E+02
3.06945099E+02
3.06919891E+02
3.06923004E+02
3.06845581E+02
3.06861023E+02
3.06779205E+02
3.06774200E+02
3.06774200E+02
3.06791046E+02
3.06717499E+02
3.06720245E+02
3.06653564E+02
3.06631470E+02
3.06649933E+02
3.06574646E+02
3.06574615E+02
3.06561737E+02
3.06506500E+02
3.06494690E+02
3.06423523E+02
3.06433960E+02
3.06437103E+02
3.06425385E+02
3.06356018E+02
3.06346161E+02
3.06276794E+02
3.06274963E+02
3.06302002E+02
3.06288025E+02
3.06298553E+02
3.06213837E+02
3.06219849E+02
3.06209869E+02
3.06137390E+02
3.06149231E+02
3.06137421E+02
3.06151398E+02
3.06076111E+02
3.06063538E+02
3.05995331E+02
3.05989960E+02
3.06011078E+02
3.05939789E+02
3.05949310E+02
3.05866821E+02
3.05794037E+02
3.05789917E+02
3.05846771E+02
3.05807739E+02
3.05792267E+02
3.05802826E+02
3.05738770E+02
3.05717865E+02
3.05734253E+02
3.05704651E+02
3.05738770E+02
3.05731873E+02
3.05651947E+02
3.05560974E+02
3.05667389E+02
3.05645416E+02
3.05588013E+02
3.05585999E+02
3.05585815E+02
3.05504395E+02
3.05453278E+02
3.05419342E+02
3.05511322E+02
3.05513763E+02
3.05490570E+02
3.05423065E+02
3.05347076E+02
3.05418091E+02
3.05418457E+02
3.05346710E+02
3.05346710E+02
3.05350250E+02
3.05346710E+02
3.05289978E+02
3.05346710E+02
3.05275299E+02
3.05275299E+02
3.05203918E+02
3.05275299E+02
3.05275299E+02
3.05203918E+02
3.05203918E+02
3.05203918E+02
3.05132568E+02
3.05142303E+02
3.05132568E+02
3.05132935E+02
3.05142181E+02
3.05135773E+02
3.05061188E+02
3.05077515E+02
3.05069183E+02
3.05061188E+02
3.05061218E+02
3.05061188E+02
3.05070404E+02
3.05061188E+02
3.04989807E+02
3.05061188E+02
3.04989807E+02
3.05061188E+02
3.04989807E+02
3.04989807E+02
3.04992676E+02
3.04990204E+02
3.04989807E+02
3.04989807E+02
3.04989807E+02
3.04989807E+02
3.04990814E+02
3.04989807E+02
3.05061188E+02
3.05061188E+02
3.04989807E+02
3.04989807E+02
3.04989807E+02
3.04989807E+02
3.04989807E+02
3.04989807E+02
3.04989807E+02
3.04989807E+02
3.04989807E+02
3.04989807E+02
3.04989807E+02
3.04989807E+02
3.04989807E+02
3.04989807E+02
3.04989807E+02
3.04989807E+02
3.04989807E+02
3.04989807E+02
3.04989807E+02
3.04989807E+02
3.04989807E+02
3.04989807E+02
3.04989807E+02
3.04989807E+02
3.04989807E+02
3.04989807E+02
3.04989807E+02
3.05061188E+02
3.05061188E+02
3.05061188E+02
3.04989807E+02
3.05061188E+02
3.05061188E+02
3.05061188E+02
3.05061188E+02
3.05061188E+02
3.05061188E+02
3.05061188E+02
3.05132568E+02
3.05132568E+02
3.05135773E+02
3.05132568E+02
3.05149170E+02
3.05203918E+02
3.05224121E+02
3.05203918E+02
3.05203918E+02
3.05275299E+02
3.05203918E+02
3.05203918E+02
3.05203918E+02
3.05275299E+02
3.05275299E+02
3.05275299E+02
3.05275299E+02
3.05346710E+02
3.05349915E+02
3.05346710E+02
3.05418091E+02
3.05418091E+02
3.05418091E+02
3.05489441E+02
3.05489441E+02
3.05489441E+02
3.05489441E+02
3.05489441E+02
3.05489441E+02
3.05489441E+02
3.05489441E+02
3.05489441E+02
3.05560822E+02
3.05560822E+02
3.05632202E+02
3.05560822E+02
3.05560822E+02
3.05632202E+02
3.05632202E+02
3.05632202E+02
3.05632202E+02
3.05703583E+02
3.05703583E+02
3.05703583E+02
3.05703583E+02
3.05774933E+02
3.05846313E+02
3.05846313E+02
3.05846313E+02
3.05846313E+02
3.05917694E+02
3.05917694E+02
3.05917694E+02
3.05917694E+02
3.05917694E+02
3.05989075E+02
3.05989075E+02
3.06060455E+02
3.05989075E+02
3.06060455E+02
3.06060455E+02
3.06060455E+02
3.06131805E+02
3.06203186E+02
3.06274597E+02
3.06203186E+02
3.06203186E+02
3.06203186E+02
3.06203186E+02
3.06345947E+02
3.06345947E+02
3.06345947E+02
3.06345947E+02
3.06345947E+02
3.06417328E+02
3.06417328E+02
3.06488708E+02
3.06488708E+02
3.06560089E+02
3.06488708E+02
3.06488708E+02
3.06560089E+02
3.06631470E+02
3.06631470E+02
3.06631470E+02
3.06631470E+02
3.06631470E+02
3.06702820E+02
3.06774200E+02
3.06774200E+02
3.06774200E+02
3.06774200E+02
3.06845581E+02
3.06916962E+02
3.06988342E+02
3.06988342E+02
3.06988342E+02
3.06988342E+02
3.07059692E+02
3.07059692E+02
3.07131073E+02
3.07202484E+02
3.07202484E+02
3.07273834E+02
3.07273834E+02
3.07345215E+02
3.07416595E+02
3.07416595E+02
3.07487976E+02
3.07487976E+02
3.07559357E+02
3.07559357E+02
3.07630707E+02
3.07702087E+02
3.07773468E+02
3.07773468E+02
3.07773468E+02
3.07844849E+02
3.07916199E+02
3.07987579E+02
3.07987579E+02
3.08058960E+02
3.08058960E+02
3.08201721E+02
3.08273102E+02
3.08273102E+02
3.08344482E+02
3.08344482E+02
3.08415863E+02
3.08415863E+02
3.08487244E+02
3.08565552E+02
3.08558594E+02
3.08629974E+02
3.08629974E+02
3.08701355E+02
3.08772736E+02
3.08772736E+02
3.08844086E+02
3.08856537E+02
3.09003174E+02
3.09061127E+02
3.09080078E+02
3.09058228E+02
3.09129608E+02
3.09273621E+02
3.09272369E+02
3.09343781E+02
3.09354858E+02
3.09343750E+02
3.09431427E+02
3.09486481E+02
3.09557861E+02
3.09560425E+02
3.09490234E+02
3.09565613E+02
3.09629242E+02
3.09700623E+02
3.09783081E+02
3.09771973E+02
3.09773804E+02
3.09914978E+02
3.09914764E+02
3.10064453E+02
3.10200256E+02
3.10203857E+02
3.10128876E+02
3.10203796E+02
3.10200256E+02
3.10342987E+02
3.10414368E+02
3.10486298E+02
3.10414368E+02
3.10414368E+02
3.10485748E+02
3.10557129E+02
3.10628479E+02
3.10699860E+02
3.10699860E+02
3.10771240E+02
3.10771240E+02
3.10842651E+02
3.10914001E+02
3.11056763E+02
3.11128143E+02
3.11056763E+02
3.11056763E+02
3.11128143E+02
3.11200928E+02
3.11342255E+02
3.11342255E+02
3.11413635E+02
3.11413635E+02
3.11556366E+02
3.11556366E+02
3.11699127E+02
3.11770538E+02
3.11773743E+02
3.11841888E+02
3.11929871E+02
3.11984650E+02
3.12127380E+02
3.12127380E+02
3.12198761E+02
3.12270142E+02
3.12270142E+02
3.12341522E+02
3.12412903E+02
3.12555634E+02
3.12555634E+02
3.12698395E+02
3.12698395E+02
3.12769775E+02
3.12841156E+02
3.12983917E+02
3.13055267E+02
3.13055267E+02
3.13126648E+02
3.13198029E+02
3.13269409E+02
3.13340790E+02
3.13412140E+02
3.13412140E+02
3.13554901E+02
3.13626282E+02
3.13626282E+02
3.13697662E+02
3.13840424E+02
3.13911774E+02
3.13983154E+02
3.13983154E+02
3.14054535E+02
3.14197296E+02
3.14268646E+02
3.14340027E+02
3.14340027E+02
3.14482788E+02
3.14554169E+02
3.14554169E+02
3.14696930E+02
3.14696930E+02
3.14768311E+02
3.14911041E+02
3.14982422E+02
3.15122528E+02
3.15052643E+02
3.15192383E+02
3.15262238E+02
3.15401978E+02
3.15471863E+02
3.15471863E+02
3.15541718E+02
3.15611603E+02
3.15751312E+02
3.15821198E+02
3.15821198E+02
3.15960907E+02
3.15960907E+02
3.16030792E+02
3.16170502E+02
3.16240387E+02
3.16310242E+02
3.16449982E+02
3.16519867E+02
3.16449982E+02
3.16589722E+02
3.16659576E+02
3.16799316E+02
3.16799316E+02
3.16799316E+02
3.16799316E+02
3.16939056E+02
3.17078766E+02
3.17078766E+02
3.17148651E+02
3.17218536E+02
3.17358276E+02
3.17428131E+02
3.17497986E+02
3.17567871E+02
3.17637726E+02
3.17777466E+02
3.17847321E+02
3.17847321E+02
3.17917175E+02
3.17987061E+02
3.18126801E+02
3.18196655E+02
3.18196655E+02
3.18266541E+02
3.18406250E+02
3.18476135E+02
3.18545990E+02
3.18615845E+02
3.18615845E+02
3.18755585E+02
3.18825439E+02
3.18895325E+02
3.18965179E+02
3.19035065E+02
3.19104919E+02
3.19244659E+02
3.19314514E+02
3.19384399E+02
3.19454254E+02
3.19593994E+02
3.19663849E+02
3.19733704E+02
3.19803589E+02
3.19873444E+02
3.20013184E+02
3.20083069E+02
3.20152924E+02
3.20152924E+02
3.20292664E+02
3.20362518E+02
3.20502258E+02
3.20572113E+02
3.20572113E+02
3.20641968E+02
3.20711853E+02
3.20851593E+02
3.20921448E+02
3.21061188E+02
3.21131042E+02
3.21200928E+02
3.21270782E+02
3.21340637E+02
3.21480377E+02
3.21550232E+02
3.21620117E+02
3.21689972E+02
3.21689972E+02
3.21762115E+02
3.21899597E+02
3.22039337E+02
3.22109924E+02
3.22179047E+02
3.22248932E+02
3.22318787E+02
3.22458527E+02
3.22528381E+02
3.22668121E+02
3.22738007E+02
3.22807861E+02
3.22812744E+02
3.22877716E+02
3.23017456E+02
3.23087311E+02
3.23157196E+02
3.23227051E+02
3.23227051E+02
3.23378723E+02
3.23506500E+02
3.23576538E+02
3.23646271E+02
3.23646271E+02
3.23785980E+02
3.23925720E+02
3.23995575E+02
3.24065460E+02
3.24135315E+02
3.24205170E+02
3.24344910E+02
3.24344910E+02
3.24484650E+02
3.24624390E+02
3.24764130E+02
3.24833984E+02
3.24833984E+02
3.24973724E+02
3.25043579E+02
3.25183319E+02
3.25253174E+02
3.25323059E+02
3.25323059E+02
3.25392944E+02
3.25602539E+02
3.25672394E+02
3.25672394E+02
3.25812134E+02
3.25881989E+02
3.25951843E+02
3.26091583E+02
3.26161438E+02
3.26301208E+02
3.26371063E+02
3.26371063E+02
3.26440918E+02
3.26580658E+02
3.26720398E+02
3.26790253E+02
3.26860107E+02
3.26860107E+02
3.26929993E+02
3.27069702E+02
3.27209473E+02
3.27279327E+02
3.27419067E+02
3.27488922E+02
3.27558777E+02
3.27698517E+02
3.27768372E+02
3.27908112E+02
3.27977966E+02
3.28117737E+02
3.28117737E+02
3.28187592E+02
3.28327332E+02
3.28397186E+02
3.28467041E+02
3.28536926E+02
3.28676636E+02
3.28746521E+02
3.28816376E+02
3.28956116E+02
3.29026001E+02
3.29165710E+02
3.29165710E+02
3.29165710E+02
3.29235596E+02
3.29375305E+02
3.29515045E+02
3.29584900E+02
3.29724640E+02
3.29724640E+02
3.29794495E+02
3.30004120E+02
3.30073975E+02
3.30143860E+02
3.30353455E+02
3.30423309E+02
3.30353455E+02
3.30493164E+02
3.30632904E+02
3.30772675E+02
3.30842529E+02
3.30912384E+02
3.31052124E+02
3.31052124E+02
3.31121979E+02
3.31261719E+02
3.31401459E+02
3.31471313E+02
3.31611053E+02
3.31611053E+02
3.31680939E+02
3.31750793E+02
3.31960388E+02
3.32030243E+02
3.32100128E+02
3.32100128E+02
3.32309723E+02
3.32379578E+02
3.32449432E+02
3.32589203E+02
3.32659058E+02
3.32728912E+02
3.32868652E+02
3.32938507E+02
3.33008392E+02
3.33148102E+02
3.33287842E+02
3.33287842E+02
3.33357697E+02
3.33427582E+02
3.33567322E+02
3.33637177E+02
3.33776917E+02
3.33916656E+02
3.33986511E+02
3.34126251E+02
3.34196106E+02
3.34196106E+02
3.34265961E+02
3.34405731E+02
3.34475586E+02
3.34545441E+02
3.34685181E+02
3.34824921E+02
3.34894775E+02
3.34964630E+02
3.35104370E+02
3.35174255E+02
3.35244141E+02
3.35313995E+02
3.35453735E+02
3.35593445E+02
3.35593445E+02
3.35733185E+02
3.35872925E+02
3.35872925E+02
3.35872925E+02
3.35942780E+02
3.36082520E+02
3.36152405E+02
3.36292114E+02
3.36362000E+02
3.36501709E+02
3.36571594E+02
3.36711304E+02
3.36851044E+02
3.36920898E+02
3.37060669E+02
3.37200378E+02
3.37200378E+02
3.37200378E+02
3.37340118E+02
3.37409973E+02
3.37549713E+02
3.37619568E+02
3.37689453E+02
3.37759308E+02
3.37899048E+02
3.37968933E+02
3.38108643E+02
3.38248383E+02
3.38318237E+02
3.38388123E+02
3.38527832E+02
3.38667572E+02
3.38737427E+02
3.38877197E+02
3.38947052E+02
3.39016937E+02
3.39086792E+02
3.39226532E+02
3.39296387E+02
3.39436127E+02
3.39575836E+02
3.39645721E+02
3.39715607E+02
3.39925201E+02
3.39995056E+02
3.40064911E+02
3.40064911E+02
3.40134796E+02
3.40274506E+02
3.40414246E+02
3.40553986E+02
3.40623871E+02
3.40763580E+02
3.40833466E+02
3.40973175E+02
3.41043060E+02
3.41127258E+02
3.41252655E+02
3.41392365E+02
3.41462250E+02
3.41532135E+02
3.41601990E+02
3.41741730E+02
3.41881439E+02
3.41951324E+02
3.42021179E+02
3.42091034E+02
3.42230774E+02
3.42370514E+02
3.42370514E+02
3.42510254E+02
3.42580109E+02
3.42719849E+02
3.42719849E+02
3.42860321E+02
3.42929749E+02
3.43069183E+02
3.43139496E+02
3.43278778E+02
3.43348663E+02
3.43488586E+02
3.43558258E+02
3.43628113E+02
3.43767853E+02
3.43837708E+02
3.43977448E+02
3.44063293E+02
3.44187042E+02
3.44326782E+02
3.44396667E+02
3.44466522E+02
3.44606262E+02
3.44745972E+02
3.44745972E+02
3.44815857E+02
3.44955566E+02
3.45025452E+02
3.45165192E+02
3.45304932E+02
3.45304932E+02
3.45444641E+02
3.45584381E+02
3.45654236E+02
3.45793976E+02
3.45863831E+02
3.45863831E+02
3.46003571E+02
3.46143311E+02
3.46283051E+02
3.46422791E+02
3.46492645E+02
3.46562500E+02
3.46702240E+02
3.46772095E+02
3.46841980E+02
3.46981720E+02
3.47051575E+02
3.47191315E+02
3.47331055E+02
3.47400909E+02
3.47470795E+02
3.47610504E+02
3.47820129E+02
3.47820129E+02
3.47959869E+02
3.47962677E+02
3.48099579E+02
3.48239319E+02
3.48379059E+02
3.48448914E+02
3.48518768E+02
3.48665100E+02
3.48728394E+02
3.48868134E+02
3.49007843E+02
3.49077728E+02
3.49147583E+02
3.49287323E+02
3.49427032E+02
3.49496918E+02
3.49566772E+02
3.49706512E+02
3.49846252E+02
3.49916107E+02
3.50055847E+02
3.50125702E+02
3.50265442E+02
3.50335297E+02
3.50405182E+02
3.50544922E+02
3.50684662E+02
3.50772278E+02
3.50824371E+02
3.50964111E+02
3.51173706E+02
3.51243561E+02
3.51313446E+02
3.51383301E+02
3.51523041E+02
3.51592926E+02
3.51592926E+02
3.51732666E+02
3.51872375E+02
3.52012115E+02
3.52151825E+02
3.52221710E+02
3.52361450E+02
3.52431335E+02
3.52640930E+02
3.52780640E+02
3.52850525E+02
3.52920380E+02
3.53060089E+02
3.53129974E+02
3.53269714E+02
3.53339600E+02
3.53409454E+02
3.53549194E+02
3.53688904E+02
3.53758789E+02
3.53758789E+02
3.53898499E+02
3.54038239E+02
3.54108093E+02
3.54247864E+02
3.54387573E+02
3.54457458E+02
3.54527313E+02
3.54667053E+02
3.54736908E+02
3.54946503E+02
3.55016388E+02
3.55016388E+02
3.55086243E+02
3.55156128E+02
3.55365723E+02
3.55435577E+02
3.55575317E+02
3.55645172E+02
3.55784912E+02
3.55854767E+02
3.55924652E+02
3.56065125E+02
3.56148468E+02
3.56273987E+02
3.56413696E+02
3.56483582E+02
3.56553436E+02
3.56763031E+02
3.56832916E+02
3.56972656E+02
3.57042725E+02
3.57112396E+02
3.57182983E+02
3.57334900E+02
3.57461700E+02
3.57671295E+02
3.57741180E+02
3.57811066E+02
3.57880920E+02
3.57950775E+02
3.58090515E+02
3.58246490E+02
3.58300110E+02
3.58439850E+02
3.58439850E+02
3.58579559E+02
3.58719330E+02
3.58859039E+02
3.58928925E+02
3.58998779E+02
3.59138519E+02
3.59278229E+02
3.59348114E+02
3.59417969E+02
3.59557709E+02
3.59697449E+02
3.59767303E+02
3.59767303E+02
3.59907043E+02
3.60046783E+02
3.60186493E+02
3.60326233E+02
3.60326233E+02
3.60396088E+02
3.60605713E+02
3.60675568E+02
3.60745453E+02
3.60885193E+02
3.60955048E+02
3.61024902E+02
3.61164642E+02
3.61304352E+02
3.61374237E+02
3.61513977E+02
3.61653717E+02
3.61653717E+02
3.61723572E+02
3.61863312E+02
3.62003052E+02
3.62142761E+02
3.62212646E+02
3.62352386E+02
3.62352386E+02
3.62422241E+02
3.62561981E+02
3.62771576E+02
3.62841431E+02
3.62911316E+02
3.62981171E+02
3.63051025E+02
3.63190796E+02
3.63330505E+02
3.63470245E+02
3.63470245E+02
3.63609985E+02
3.63749695E+02
3.63889435E+02
3.63959290E+02
3.64029175E+02
3.64238770E+02
3.64378510E+02
3.64378510E+02
3.64378510E+02
3.64518250E+02
3.64727844E+02
3.64876984E+02
3.64937469E+02
3.65077179E+02
3.65216919E+02
3.65286774E+02
3.65286774E+02
3.65426514E+02
3.65572845E+02
3.65705963E+02
3.65847961E+02
3.65915588E+02
3.65985443E+02
3.66056702E+02
3.66264923E+02
3.66334778E+02
3.66544373E+02
3.66544373E+02
3.66684113E+02
3.66753998E+02
3.66893707E+02
3.67033447E+02
3.67103302E+02
3.67173187E+02
3.67315735E+02
3.67452637E+02
3.67592377E+02
3.67662262E+02
3.67809570E+02
3.67872345E+02
3.68081451E+02
3.68081451E+02
3.68151306E+02
3.68360901E+02
3.68500641E+02
3.68640381E+02
3.68780121E+02
3.68849976E+02
3.68923309E+02
3.69007812E+02
3.69129608E+02
3.69269165E+02
3.69408936E+02
3.69408936E+02
3.69551453E+02
3.69688385E+02
3.69758789E+02
3.69904785E+02
3.70037720E+02
3.70115997E+02
3.70177429E+02
3.70317200E+02
3.70456909E+02
3.70596649E+02
3.70736389E+02
3.70806244E+02
3.70876099E+02
3.70945984E+02
3.71015839E+02
3.71155548E+02
3.71295319E+02
3.71435150E+02
3.71504913E+02
3.71574768E+02
3.71714508E+02
3.71784363E+02
3.71925659E+02
3.71993958E+02
3.72133881E+02
3.72273438E+02
3.72343323E+02
3.72491516E+02
3.72622772E+02
3.72762512E+02
3.72902222E+02
3.72902222E+02
3.72972107E+02
3.73111847E+02
3.73251587E+02
3.73327789E+02
3.73473114E+02
3.73531036E+02
3.73600891E+02
3.73740631E+02
3.73810486E+02
3.74020111E+02
3.74089996E+02
3.74229706E+02
3.74369446E+02
3.74299561E+02
3.74439301E+02
3.74509186E+02
3.74718750E+02
3.74788635E+02
3.74858521E+02
3.74998260E+02
3.75068115E+02
3.75207825E+02
3.75277710E+02
3.75417450E+02
3.75557159E+02
3.75627045E+02
3.75766785E+02
3.75836639E+02
3.75976379E+02
3.76046234E+02
3.76116119E+02
3.76255829E+02
3.76395569E+02
3.76465424E+02
3.76605164E+02
3.76675049E+02
3.76814789E+02
3.76954498E+02
3.77024384E+02
3.77094238E+02
3.77233978E+02
3.77303833E+02
3.77443573E+02
3.77583313E+02
3.77583313E+02
3.77723053E+02
3.77862762E+02
3.77932648E+02
3.78072357E+02
3.78212097E+02
3.78212097E+02
3.78421722E+02
3.78491577E+02
3.78631317E+02
3.78840912E+02
3.80238251E+02
3.81915039E+02
3.84011078E+02
3.86596100E+02
3.90508636E+02
3.94211578E+02
3.98124084E+02
4.02665436E+02
4.06717682E+02
4.10839813E+02
4.14752350E+02
4.19433441E+02
4.23276093E+02
4.27188599E+02
4.31630341E+02
4.35430054E+02
4.39160645E+02
4.43582123E+02
4.47381836E+02
4.51112427E+02
4.54704865E+02
4.59126312E+02
4.62787842E+02
4.66518463E+02
4.70179962E+02
4.74463287E+02
4.78124817E+02
4.82269928E+02
4.85931458E+02
4.89592987E+02
4.93807220E+02
4.97399658E+02
5.01061188E+02
5.04653625E+02
5.08798737E+02
5.12183899E+02
5.15707275E+02
5.19230652E+02
5.23513916E+02
5.26899109E+02
5.30284302E+02
5.33807617E+02
5.37330994E+02
5.40785278E+02
5.44792236E+02
5.48246460E+02
5.51700745E+02
5.55155029E+02
5.59161987E+02
5.62547180E+02
5.65932373E+02
5.69593872E+02
5.72909973E+02
5.76364258E+02
5.80509338E+02
5.83894531E+02
5.87279724E+02
5.91010376E+02
5.94119202E+02
5.97297119E+02
6.00682312E+02
6.04551086E+02
6.07729065E+02
6.10976074E+02
6.14499451E+02
6.17470093E+02
6.20578918E+02
6.23687744E+02
6.27280212E+02
6.30250854E+02
6.32945190E+02
6.36330383E+02
6.39231995E+02
6.41995422E+02
6.45311523E+02
6.48143982E+02
6.51045593E+02
6.53670837E+02
6.56710571E+02
6.59473999E+02
6.62241333E+02
6.65402100E+02
6.68281921E+02
6.71091431E+02
6.74462952E+02
6.77202271E+02
6.79871338E+02
6.82751099E+02
6.85209473E+02
6.87738098E+02
6.90266663E+02
6.92935730E+02
6.95113159E+02
6.97150085E+02
6.99748901E+02
7.01645386E+02
7.03893005E+02
7.06702576E+02
7.09933533E+02
7.11900269E+02
7.13375244E+02
7.15833618E+02
7.18230164E+02
7.20680115E+02
7.22997986E+02
7.25034912E+02
7.27352783E+02
7.29811157E+02
7.31637390E+02
7.33182617E+02
7.35500488E+02
7.37677917E+02
7.39574341E+02
7.41892212E+02
7.44139893E+02
7.46176819E+02
7.47932800E+02
7.49688782E+02
7.51093567E+02
7.52708984E+02
7.54184021E+02
7.55940002E+02
7.56291199E+02
7.52990051E+02
7.53200684E+02
7.53832886E+02
7.54324463E+02
7.55799500E+02
7.57710938E+02
7.59146057E+02
7.59935303E+02
7.61155090E+02
7.62016113E+02
7.62733704E+02
7.63522888E+02
7.61011597E+02
7.60294067E+02
7.62231384E+02
7.61944397E+02
7.57926270E+02
7.60150574E+02
7.63235901E+02
7.65603760E+02
7.66751831E+02
7.67254028E+02
7.60868103E+02
7.56993591E+02
7.56782898E+02
7.56501953E+02
7.52076904E+02
7.46457764E+02
7.39644592E+02
7.36694580E+02
7.36343323E+02
7.36132629E+02
7.37256470E+02
7.37607666E+02
7.38169556E+02
7.37677917E+02
7.31496887E+02
7.30443298E+02
7.26369446E+02
7.22997986E+02
7.19486023E+02
7.19907471E+02
7.19415771E+02
7.18362183E+02
7.17589600E+02
7.16395508E+02
7.17519348E+02
7.18924133E+02
7.20188416E+02
7.19415771E+02
7.18432434E+02
7.14147888E+02
6.97501282E+02
6.83945129E+02
6.72706970E+02
6.65823547E+02
6.57608704E+02
6.56434204E+02
6.56088806E+02
6.56088806E+02
6.56434204E+02
6.57954102E+02
6.59957581E+02
6.61753845E+02
6.63856873E+02
6.65893799E+02
6.66806885E+02
6.66806885E+02
6.66455688E+02
6.64137817E+02
6.48627625E+02
6.39439270E+02
6.24378601E+02
6.11252380E+02
5.94188293E+02
5.80094849E+02
5.73048157E+02
5.64757935E+02
5.63583435E+02
5.62616272E+02
5.62961731E+02
5.63238037E+02
5.59783752E+02
5.54395142E+02
5.40163513E+02
5.33600403E+02
5.19713867E+02
5.16190491E+02
5.06656738E+02
4.99264618E+02
4.93323273E+02
4.87450989E+02
3.14196930E+02
2.47032333E+02
2.30202469E+02
2.23981308E+02
2.20907303E+02
2.20614548E+02
2.21053680E+02
2.20760925E+02
2.20321793E+02
2.20248596E+02
2.20321793E+02
2.20394974E+02
2.20538071E+02
2.20468170E+02
2.20394974E+02
2.20394974E+02
2.20394974E+02
2.20321793E+02
2.20321793E+02
2.20321793E+02
2.20394791E+02
2.20541351E+02
2.20541351E+02
2.20394974E+02
2.20394974E+02
2.20394974E+02
2.20687729E+02
2.20248596E+02
2.20394974E+02
2.20541351E+02
2.20468170E+02
2.20541351E+02
2.20541351E+02
2.20687729E+02
2.20541351E+02
2.20614548E+02
2.20394974E+02
2.20394974E+02
2.20321793E+02
2.20760925E+02
2.20614548E+02
2.20240768E+02
2.20175415E+02
2.20321793E+02
2.20321793E+02
2.20394974E+02
2.20614548E+02
2.20534302E+02
2.20464508E+02
2.20394974E+02
2.20462662E+02
2.20230148E+02
2.20392456E+02
2.20369781E+02
2.20321793E+02
2.20374466E+02
2.20248596E+02
2.20467499E+02
2.20437119E+02
2.20509842E+02
2.20290985E+02
2.20663193E+02
2.20372025E+02
2.20432343E+02
2.20583496E+02
2.20519714E+02
2.20595917E+02
2.20379913E+02
2.20829956E+02
2.20609604E+02
2.20517593E+02
2.20237122E+02
2.20462051E+02
2.20288055E+02
2.20676926E+02
2.20810608E+02
2.20726120E+02
2.20434433E+02
2.20225311E+02
2.20231766E+02
2.20505524E+02
2.20456360E+02
2.20578720E+02
2.20432343E+02
2.20432343E+02
2.20150421E+02
2.20505524E+02
2.20578720E+02
2.20432922E+02
2.20438095E+02
2.20432343E+02
2.20432343E+02
2.20505524E+02
2.20651901E+02
2.20651901E+02
2.20578720E+02
2.20432343E+02
2.20505524E+02
2.20578720E+02
2.20578720E+02
2.20505524E+02
2.20725098E+02
2.20505524E+02
2.20432343E+02
2.20359146E+02
2.20432343E+02
2.20432343E+02
2.20578720E+02
2.20578720E+02
2.20651901E+02
2.20432343E+02
2.20505524E+02
2.20871475E+02
2.21091064E+02
2.20798279E+02
2.20212769E+02
2.20359146E+02
2.20285965E+02
2.20578720E+02
2.20871475E+02
2.20871475E+02
2.21091064E+02
2.20798279E+02
2.20725098E+02
2.20725098E+02
2.20432343E+02
2.20651901E+02
2.20871475E+02
2.20798279E+02
2.20725098E+02
2.20944656E+02
2.20725098E+02
2.20651901E+02
2.20944656E+02
2.20522125E+02
2.20798279E+02
2.20871475E+02
2.20798279E+02
2.20798279E+02
2.20798279E+02
2.20871475E+02
2.20948273E+02
2.20578720E+02
2.20505524E+02
2.20725098E+02
2.21164246E+02
2.21017853E+02
2.20871475E+02
2.21017853E+02
2.20725098E+02
2.20871475E+02
2.21164246E+02
2.20944656E+02
2.21017853E+02
2.20944656E+02
2.20798279E+02
2.21091064E+02
2.20871475E+02
2.20798279E+02
2.20944656E+02
2.20944656E+02
2.20944656E+02
2.20944656E+02
2.20944656E+02
2.21017853E+02
2.21017853E+02
2.21091064E+02
2.21164246E+02
2.21091064E+02
2.21237427E+02
2.20871475E+02
2.20651901E+02
2.21091064E+02
2.21091064E+02
2.21237427E+02
2.21017853E+02
2.21091064E+02
2.20871475E+02
2.20958069E+02
2.21310623E+02
2.21164246E+02
2.21017853E+02
2.21091064E+02
2.21091064E+02
2.21310623E+02
2.21237427E+02
2.21164246E+02
2.21164246E+02
2.21017853E+02
2.21017853E+02
2.21383804E+02
2.21091064E+02
2.21017853E+02
2.21164246E+02
2.21457001E+02
2.21237427E+02
2.21164246E+02
2.21017853E+02
2.21164246E+02
2.21457001E+02
2.21603378E+02
2.21457001E+02
2.20505524E+02
2.20578720E+02
2.20359146E+02
2.19919998E+02
2.19407669E+02
2.18456207E+02
2.17724289E+02
2.17358353E+02
2.17211975E+02
2.17138794E+02
2.16772827E+02
2.16480072E+02
2.16406876E+02
2.16480072E+02
2.16553253E+02
2.16699631E+02
2.16480072E+02
2.16333694E+02
2.16406876E+02
2.16406876E+02
2.16553253E+02
2.16480072E+02
2.16333115E+02
2.16331787E+02
2.16406006E+02
2.16479675E+02
2.16452499E+02
2.16160995E+02
2.16097473E+02
2.16184738E+02
2.16239044E+02
2.16250626E+02
2.16183975E+02
2.16020859E+02
2.16089157E+02
2.16111359E+02
2.16186920E+02
2.16186920E+02
2.16037918E+02
2.16040543E+02
2.16113739E+02
2.16090790E+02
2.16109192E+02
2.16101334E+02
2.15967361E+02
2.15950485E+02
2.16040543E+02
2.16040543E+02
2.16040543E+02
2.16040543E+02
2.15958603E+02
2.16040543E+02
2.16040543E+02
2.16034836E+02
2.16040543E+02
2.15967361E+02
2.15967361E+02
2.15967361E+02
2.15967361E+02
2.15964828E+02
2.16040222E+02
2.16025787E+02
2.16040543E+02
2.16030792E+02
2.16040543E+02
2.16040543E+02
2.16040543E+02
2.16085892E+02
2.16040543E+02
2.16110764E+02
2.16036224E+02
2.15967361E+02
2.15967361E+02
2.16032181E+02
2.15948685E+02
2.16028152E+02
2.16040543E+02
2.16025742E+02
2.16037781E+02
2.16085602E+02
2.16030212E+02
2.16093262E+02
2.16104614E+02
2.16162369E+02
2.16164520E+02
2.16158951E+02
2.16154831E+02
2.16172302E+02
2.16228622E+02
2.16224670E+02
2.16229370E+02
2.16239395E+02
2.16244766E+02
2.16166382E+02
2.16173630E+02
2.16175125E+02
2.16156097E+02
2.16151993E+02
2.16151413E+02
2.16170090E+02
2.16250275E+02
2.16231888E+02
2.16153137E+02
2.16224289E+02
2.16225189E+02
TERM
