SR1 table
2.95621490E+02
2.95621490E+02
2.95478638E+02
2.95407227E+02
2.95407227E+02
2.95335815E+02
2.95264374E+02
2.95264374E+02
2.95192963E+02
2.95121521E+02
2.95050110E+02
2.94978699E+02
2.94907257E+02
2.94835846E+02
2.94835846E+02
2.94764435E+02
2.94693024E+02
2.94621582E+02
2.94550140E+02
2.94550140E+02
2.94478729E+02
2.94478729E+02
2.94407318E+02
2.94335907E+02
2.94264465E+02
2.94193054E+02
2.94121613E+02
2.94050201E+02
2.94050201E+02
2.93978790E+02
2.93907349E+02
2.93835938E+02
2.93764526E+02
2.93764526E+02
2.93693085E+02
2.93693085E+02
2.93621643E+02
2.93550232E+02
2.93550232E+02
2.93478821E+02
2.93478821E+02
2.93407410E+02
2.93335968E+02
2.93264557E+02
2.93193146E+02
2.93193146E+02
2.93050293E+02
2.93050293E+02
2.92978851E+02
2.92907440E+02
2.92836029E+02
2.92764587E+02
2.92764587E+02
2.92693176E+02
2.92621735E+02
2.92621735E+02
2.92550323E+02
2.92478912E+02
2.92478912E+02
2.92407471E+02
2.92336060E+02
2.92264648E+02
2.92264648E+02
2.92193237E+02
2.92121796E+02
2.92050354E+02
2.92050354E+02
2.91978943E+02
2.91912354E+02
2.91907532E+02
2.91836090E+02
2.91764679E+02
2.91764679E+02
2.91693268E+02
2.91621826E+02
2.91550415E+02
2.91478973E+02
2.91478973E+02
2.91407562E+02
2.91407562E+02
2.91336151E+02
2.91264740E+02
2.91193298E+02
2.91193298E+02
2.91121887E+02
2.91050446E+02
2.91050446E+02
2.90979034E+02
2.90907623E+02
2.90907623E+02
2.90836182E+02
2.90764771E+02
2.90693359E+02
2.90621948E+02
2.90551483E+02
2.90550507E+02
2.90485870E+02
2.90479065E+02
2.90479065E+02
2.90407654E+02
2.90336243E+02
2.90336243E+02
2.90264832E+02
2.90193390E+02
2.90121979E+02
2.90050537E+02
2.90050537E+02
2.89979126E+02
2.89979126E+02
2.89907684E+02
2.89907684E+02
2.89836273E+02
2.89764862E+02
2.89764862E+02
2.89764862E+02
2.89764862E+02
2.89693451E+02
2.89622009E+02
2.89550568E+02
2.89550568E+02
2.89479156E+02
2.89479156E+02
2.89407745E+02
2.89407745E+02
2.89336334E+02
2.89264893E+02
2.89264893E+02
2.89193481E+02
2.89193481E+02
2.89122070E+02
2.89050629E+02
2.88979187E+02
2.88979187E+02
2.88979187E+02
2.88907776E+02
2.88836365E+02
2.88764954E+02
2.88764954E+02
2.88693512E+02
2.88693512E+02
2.88693512E+02
2.88622101E+02
2.88622101E+02
2.88550659E+02
2.88496857E+02
2.88479248E+02
2.88407837E+02
2.88407837E+02
2.88407837E+02
2.88336395E+02
2.88264984E+02
2.88196320E+02
2.88193573E+02
2.88122131E+02
2.88050690E+02
2.88122131E+02
2.88122131E+02
2.88050690E+02
2.88050690E+02
2.88050690E+02
2.87979279E+02
2.87979279E+02
2.87907867E+02
2.87979279E+02
2.87907867E+02
2.87836456E+02
2.87836456E+02
2.87765015E+02
2.87693604E+02
2.87704254E+02
2.87622192E+02
2.87622192E+02
2.87550751E+02
2.87622192E+02
2.87550751E+02
2.87550751E+02
2.87479340E+02
2.87479340E+02
2.87479340E+02
2.87407898E+02
2.87407898E+02
2.87407898E+02
2.87336487E+02
2.87265076E+02
2.87265076E+02
2.87193665E+02
2.87193665E+02
2.87122223E+02
2.87125000E+02
2.87122223E+02
2.87050781E+02
2.87050781E+02
2.87050781E+02
2.87050781E+02
2.87050781E+02
2.86979370E+02
2.86907959E+02
2.86907959E+02
2.86979370E+02
2.86836548E+02
2.86836548E+02
2.86836548E+02
2.86836548E+02
2.86836548E+02
2.86836548E+02
2.86765106E+02
2.86765106E+02
2.86765106E+02
2.86765106E+02
2.86765106E+02
2.86693695E+02
2.86693695E+02
2.86622284E+02
2.86622284E+02
2.86622284E+02
2.86622284E+02
2.86622284E+02
2.86550842E+02
2.86550842E+02
2.86622284E+02
2.86550842E+02
2.86550842E+02
2.86550842E+02
2.86479492E+02
2.86479401E+02
2.86479401E+02
2.86479401E+02
2.86479401E+02
2.86479401E+02
2.86479401E+02
2.86407990E+02
2.86407990E+02
2.86407990E+02
2.86479401E+02
2.86407990E+02
2.86407990E+02
2.86407990E+02
2.86422577E+02
2.86407990E+02
2.86407990E+02
2.86407990E+02
2.86336578E+02
2.86336578E+02
2.86336578E+02
2.86407990E+02
2.86407990E+02
2.86407990E+02
2.86407990E+02
2.86336578E+02
2.86336578E+02
2.86348083E+02
2.86336578E+02
2.86407990E+02
2.86407990E+02
2.86336578E+02
2.86339142E+02
2.86336578E+02
2.86407990E+02
2.86407990E+02
2.86479401E+02
2.86479401E+02
2.86479401E+02
2.86622284E+02
2.86622345E+02
2.86550842E+02
2.86550842E+02
2.86550842E+02
2.86479401E+02
2.86550842E+02
2.86479401E+02
2.86550842E+02
2.86550842E+02
2.86550842E+02
2.86479401E+02
2.86550842E+02
2.86550842E+02
2.86550842E+02
2.86550842E+02
2.86550842E+02
2.86550842E+02
2.86550842E+02
2.86622284E+02
2.86622284E+02
2.86622284E+02
2.86622284E+02
2.86622284E+02
2.86693695E+02
2.86693695E+02
2.86693695E+02
2.86785339E+02
2.86765106E+02
2.86693695E+02
2.86765350E+02
2.86765106E+02
2.86765106E+02
2.86836761E+02
2.86836548E+02
2.86836548E+02
2.86765106E+02
2.86836548E+02
2.86836548E+02
2.86836548E+02
2.86907959E+02
2.86837769E+02
2.86919464E+02
2.86907959E+02
2.86907959E+02
2.86979370E+02
2.86979370E+02
2.87124481E+02
2.87050781E+02
2.87051544E+02
2.87050781E+02
2.87122284E+02
2.87122223E+02
2.87122223E+02
2.87122223E+02
2.87122223E+02
2.87122223E+02
2.87193665E+02
2.87193665E+02
2.87193665E+02
2.87265076E+02
2.87265076E+02
2.87336487E+02
2.87336487E+02
2.87407898E+02
2.87407898E+02
2.87479340E+02
2.87481750E+02
2.87479340E+02
2.87622192E+02
2.87550751E+02
2.87622192E+02
2.87622192E+02
2.87622192E+02
2.87622192E+02
2.87765015E+02
2.87706390E+02
2.87765015E+02
2.87836456E+02
2.87836456E+02
2.87836456E+02
2.87836456E+02
2.87979279E+02
2.87979279E+02
2.88050690E+02
2.88050690E+02
2.88050690E+02
2.88051361E+02
2.88193573E+02
2.88193573E+02
2.88264984E+02
2.88264984E+02
2.88264984E+02
2.88336395E+02
2.88336395E+02
2.88410919E+02
2.88407837E+02
2.88550659E+02
2.88550659E+02
2.88550659E+02
2.88622101E+02
2.88693512E+02
2.88693512E+02
2.88836365E+02
2.88836365E+02
2.88764954E+02
2.88907776E+02
2.88837250E+02
2.88907776E+02
2.88979187E+02
2.89050629E+02
2.89050629E+02
2.89050629E+02
2.89050629E+02
2.89122070E+02
2.89193481E+02
2.89122070E+02
2.89264893E+02
2.89264893E+02
2.89336334E+02
2.89336334E+02
2.89407745E+02
2.89336334E+02
2.89479156E+02
2.89550568E+02
2.89550568E+02
2.89550568E+02
2.89622009E+02
2.89693451E+02
2.89693451E+02
2.89693451E+02
2.89764862E+02
2.89764862E+02
2.89836273E+02
2.89836273E+02
2.89907684E+02
2.89907684E+02
2.89907684E+02
2.89979126E+02
2.90050537E+02
2.90050537E+02
2.90050537E+02
2.90121979E+02
2.90193390E+02
2.90193390E+02
2.90193390E+02
2.90264832E+02
2.90264832E+02
2.90264832E+02
2.90264832E+02
2.90336243E+02
2.90336243E+02
2.90479065E+02
2.90550507E+02
2.90550507E+02
2.90693359E+02
2.90693359E+02
2.90764771E+02
2.90764771E+02
2.90764771E+02
2.90836182E+02
2.90836182E+02
2.90836182E+02
2.90907715E+02
2.90979034E+02
2.91050446E+02
2.91121887E+02
2.91121887E+02
2.91193298E+02
2.91264740E+02
2.91264740E+02
2.91264740E+02
2.91336151E+02
2.91407562E+02
2.91407562E+02
2.91407562E+02
2.91478973E+02
2.91478973E+02
2.91550415E+02
2.91693268E+02
2.91764679E+02
2.91764679E+02
2.91836090E+02
2.91836090E+02
2.91907532E+02
2.92050354E+02
2.92050354E+02
2.92121796E+02
2.92121796E+02
2.92264648E+02
2.92264648E+02
2.92264648E+02
2.92264648E+02
2.92336060E+02
2.92336060E+02
2.92407471E+02
2.92407471E+02
2.92478912E+02
2.92621735E+02
2.92693176E+02
2.92693176E+02
2.92764587E+02
2.92764587E+02
2.92836029E+02
2.92907440E+02
2.92907440E+02
2.92978851E+02
2.93050293E+02
2.93050293E+02
2.93050293E+02
2.93050293E+02
2.93193146E+02
2.93193146E+02
2.93264557E+02
2.93335968E+02
2.93335968E+02
2.93407410E+02
2.93478821E+02
2.93407410E+02
2.93478821E+02
2.93407410E+02
2.93550232E+02
2.93550232E+02
2.93621643E+02
2.93621643E+02
2.93693085E+02
2.93764526E+02
2.93835938E+02
2.93907349E+02
2.94050201E+02
2.94121613E+02
2.94121613E+02
2.94193054E+02
2.94193054E+02
2.94193054E+02
2.94407318E+02
2.94335907E+02
2.94407318E+02
2.94478729E+02
2.94478729E+02
2.94550140E+02
2.94550140E+02
2.94693024E+02
2.94693024E+02
2.94764435E+02
2.94764435E+02
2.94835846E+02
2.94907257E+02
2.94907257E+02
2.95050110E+02
2.95121521E+02
2.95121521E+02
2.95192963E+02
2.95192963E+02
2.95335815E+02
2.95335815E+02
2.95335815E+02
2.95358337E+02
2.95478638E+02
2.95407227E+02
2.95550049E+02
2.95621490E+02
2.95692932E+02
2.95692932E+02
2.95835754E+02
2.95835754E+02
2.95907196E+02
2.95978607E+02
2.95978607E+02
2.96121429E+02
2.96121429E+02
2.96192871E+02
2.96264313E+02
2.96264313E+02
2.96335724E+02
2.96478577E+02
2.96549988E+02
2.96549988E+02
2.96621399E+02
2.96621399E+02
2.96692841E+02
2.96692841E+02
2.96692841E+02
2.96692841E+02
2.96764252E+02
2.96835693E+02
2.96978516E+02
2.97049927E+02
2.97121368E+02
2.97121368E+02
2.97192810E+02
2.97264221E+02
2.97407074E+02
2.97407074E+02
2.97478485E+02
2.97549896E+02
2.97549896E+02
2.97621307E+02
2.97692749E+02
2.97764191E+02
2.97835602E+02
2.97907013E+02
2.97978424E+02
2.98264130E+02
2.98264130E+02
2.98264130E+02
2.98335541E+02
2.98406982E+02
2.98549805E+02
2.98621216E+02
2.98621216E+02
2.98621216E+02
2.98692688E+02
2.98764099E+02
2.98835510E+02
2.98764099E+02
2.98906921E+02
2.98906921E+02
2.98978363E+02
2.99049774E+02
2.99192627E+02
2.99049774E+02
2.99192627E+02
2.99192627E+02
2.99335480E+02
2.99335480E+02
2.99549713E+02
2.99478302E+02
2.99549713E+02
2.99692566E+02
2.99692566E+02
2.99692566E+02
2.99835419E+02
2.99978271E+02
3.00049683E+02
3.00049683E+02
3.00121094E+02
3.00192535E+02
3.00192535E+02
3.00263977E+02
3.00263977E+02
3.00478210E+02
3.00478210E+02
3.00549652E+02
3.00621063E+02
3.00621063E+02
3.00621063E+02
3.00763916E+02
3.00763916E+02
3.00835327E+02
3.00835327E+02
3.00906769E+02
3.00906769E+02
3.00906769E+02
3.00978180E+02
3.01049591E+02
3.01121033E+02
3.01121033E+02
3.01192444E+02
3.01263885E+02
3.01406708E+02
3.01406708E+02
3.01406708E+02
3.01478149E+02
3.01620972E+02
3.01549561E+02
3.01692383E+02
3.01763824E+02
3.01763824E+02
3.01835266E+02
3.01835266E+02
3.01906677E+02
3.01978088E+02
3.01978088E+02
3.02049500E+02
3.02192352E+02
3.02192352E+02
3.02263794E+02
3.02335205E+02
3.02406647E+02
3.02478058E+02
3.02549469E+02
3.02406647E+02
3.02620880E+02
3.02620880E+02
3.02692322E+02
3.02763763E+02
3.02835175E+02
3.02835175E+02
3.02977997E+02
3.03049438E+02
3.03049438E+02
3.03192261E+02
3.03192261E+02
3.03263702E+02
3.03335114E+02
3.03406555E+02
3.03477966E+02
3.03549377E+02
3.03549377E+02
3.03692230E+02
3.03691864E+02
3.03834717E+02
3.03906158E+02
3.03906158E+02
3.03977570E+02
3.04120392E+02
3.04548950E+02
3.04548950E+02
3.04620361E+02
3.04691772E+02
3.04691772E+02
3.04763214E+02
3.04834625E+02
3.04834625E+02
3.04906067E+02
3.04977478E+02
3.05048889E+02
3.05191742E+02
3.05191742E+02
3.05120300E+02
3.05477417E+02
3.05477417E+02
3.05620270E+02
3.05620270E+02
3.05691681E+02
3.05905975E+02
3.05977386E+02
3.06048798E+02
3.06120239E+02
3.06191650E+02
3.06191650E+02
3.06334503E+02
3.06405914E+02
3.06477356E+02
3.06548767E+02
3.06620178E+02
3.06620178E+02
3.06691620E+02
3.06763062E+02
3.06834473E+02
3.06905884E+02
3.06977295E+02
3.07048737E+02
3.07048737E+02
3.07191559E+02
3.07263000E+02
3.07334412E+02
3.07334412E+02
3.07405853E+02
3.07477264E+02
3.07548676E+02
3.07620117E+02
3.07762939E+02
3.07762939E+02
3.07834381E+02
3.07977234E+02
3.07977234E+02
3.08048645E+02
3.08120056E+02
3.08262909E+02
3.08262909E+02
3.08334351E+02
3.08405762E+02
3.08477173E+02
3.08548584E+02
3.08620026E+02
3.08691437E+02
3.08834290E+02
3.08834290E+02
3.08905212E+02
3.08977142E+02
3.09048553E+02
3.09191406E+02
3.09334259E+02
3.09262817E+02
3.09405670E+02
3.09477081E+02
3.09477081E+02
3.09548523E+02
3.09762787E+02
3.09691345E+02
3.09762787E+02
3.09834229E+02
3.09977051E+02
3.09977051E+02
3.10048462E+02
3.10191315E+02
3.10262726E+02
3.10262726E+02
3.10324768E+02
3.10477020E+02
3.10477020E+02
3.10548431E+02
3.10619843E+02
3.10762695E+02
3.10834137E+02
3.10976959E+02
3.11048401E+02
3.11191223E+02
3.11191223E+02
3.11334076E+02
3.11334076E+02
3.11405518E+02
3.11476929E+02
3.11476929E+02
3.11619751E+02
3.11762604E+02
3.11762604E+02
3.11905457E+02
3.11905457E+02
3.12048309E+02
3.12119720E+02
3.12119720E+02
3.12262543E+02
3.12334015E+02
3.12405426E+02
3.12476837E+02
3.12476837E+02
3.12762512E+02
3.12762512E+02
3.12905365E+02
3.12905365E+02
3.13048218E+02
3.13119629E+02
3.13191071E+02
3.13262482E+02
3.13405334E+02
3.13476746E+02
3.13548187E+02
3.13619598E+02
3.13691010E+02
3.13691010E+02
3.13976715E+02
3.14048126E+02
3.14119568E+02
3.14190979E+02
3.14333832E+02
3.14333832E+02
3.14476685E+02
3.14548096E+02
3.14690918E+02
3.14762360E+02
3.14905212E+02
3.14905212E+02
3.14976624E+02
3.15047028E+02
3.15186859E+02
3.15256744E+02
3.15326691E+02
3.15326691E+02
3.15466492E+02
3.15536407E+02
3.15606323E+02
3.15676239E+02
3.15676239E+02
3.15885986E+02
3.15885986E+02
3.16025787E+02
3.16095703E+02
3.16235535E+02
3.16305450E+02
3.16305450E+02
3.16515198E+02
3.16724915E+02
3.16794830E+02
3.16864746E+02
3.16864746E+02
3.17074493E+02
3.17214294E+02
3.17284210E+02
3.17353668E+02
3.17424042E+02
3.17493958E+02
3.17563873E+02
3.17633789E+02
3.17633789E+02
3.17773590E+02
3.17913452E+02
3.18123169E+02
3.18053253E+02
3.18123169E+02
3.18193085E+02
3.18332916E+02
3.18472748E+02
3.18542633E+02
3.18542633E+02
3.18612549E+02
3.18752380E+02
3.18822296E+02
3.18892212E+02
3.18962128E+02
3.19032043E+02
3.19032043E+02
3.19241760E+02
3.19241760E+02
3.19381592E+02
3.19521423E+02
3.19591339E+02
3.19661224E+02
3.19801086E+02
3.19940887E+02
3.20010803E+02
3.20010803E+02
3.20080719E+02
3.20220520E+02
3.20290466E+02
3.20287079E+02
3.20360382E+02
3.20430267E+02
3.20570099E+02
3.20640015E+02
3.20709930E+02
3.20779846E+02
3.20849762E+02
3.20919678E+02
3.21129395E+02
3.21129395E+02
3.21199310E+02
3.21339142E+02
3.21339142E+02
3.21547668E+02
3.21548859E+02
3.21618774E+02
3.21750153E+02
3.21828522E+02
3.21898438E+02
3.21968353E+02
3.21898438E+02
3.22038269E+02
3.22178070E+02
3.22248016E+02
3.22387817E+02
3.22387817E+02
3.22597565E+02
3.22597565E+02
3.22737396E+02
3.22807312E+02
3.22877228E+02
3.23017029E+02
3.23017029E+02
3.23156860E+02
3.23226776E+02
3.23366608E+02
3.23436523E+02
3.23576324E+02
3.23786072E+02
3.23715851E+02
3.23855988E+02
3.23921173E+02
3.23986328E+02
3.24205536E+02
3.24275391E+02
3.24415283E+02
3.24485199E+02
3.24625000E+02
3.24834778E+02
3.24974579E+02
3.24974518E+02
3.24974579E+02
3.25114410E+02
3.25184296E+02
3.25184296E+02
3.25324158E+02
3.25463959E+02
3.25533875E+02
3.25813538E+02
3.25953369E+02
3.26093170E+02
3.26163086E+02
3.26233002E+02
3.26233002E+02
3.26442749E+02
3.26512665E+02
3.26582550E+02
3.26652466E+02
3.26792297E+02
3.26777802E+02
3.26932129E+02
3.27002045E+02
3.27071960E+02
3.27141846E+02
3.27281708E+02
3.27281708E+02
3.27281708E+02
3.27491425E+02
3.27421509E+02
3.27815857E+02
3.27841003E+02
3.27841003E+02
3.27910889E+02
3.27980804E+02
3.27980804E+02
3.28120636E+02
3.28260468E+02
3.28256958E+02
3.28400299E+02
3.28470184E+02
3.28470184E+02
3.28679962E+02
3.28749847E+02
3.28819763E+02
3.28889679E+02
3.28959595E+02
3.28959595E+02
3.29099091E+02
3.29239258E+02
3.29306976E+02
3.29379059E+02
3.29448975E+02
3.29588776E+02
3.29658722E+02
3.29728638E+02
3.29728638E+02
3.29798553E+02
3.29846954E+02
3.29938354E+02
3.30002960E+02
3.30078186E+02
3.30146454E+02
3.30357849E+02
3.30357849E+02
3.30497650E+02
3.30567566E+02
3.30567566E+02
3.30706970E+02
3.30847229E+02
3.30987030E+02
3.31056946E+02
3.31196777E+02
3.31336609E+02
3.31406525E+02
3.31546326E+02
3.31546326E+02
3.31616241E+02
3.31756073E+02
3.31825989E+02
3.31825989E+02
3.32035736E+02
3.32105621E+02
3.32175568E+02
3.32175568E+02
3.32365326E+02
3.32385284E+02
3.32455200E+02
3.32525116E+02
3.32734863E+02
3.32804779E+02
3.32804779E+02
3.32944580E+02
3.33084412E+02
3.33154327E+02
3.33216614E+02
3.33433960E+02
3.33433960E+02
3.33503876E+02
3.33573792E+02
3.33783539E+02
3.33853455E+02
3.33923370E+02
3.33909088E+02
3.34063171E+02
3.34063171E+02
3.34203033E+02
3.34342834E+02
3.34412750E+02
3.34482666E+02
3.34482574E+02
3.34552582E+02
3.34692413E+02
3.34812256E+02
3.34826172E+02
3.34952698E+02
3.35101990E+02
3.35181793E+02
3.35321625E+02
3.35391510E+02
3.35461426E+02
3.35664642E+02
3.35738281E+02
3.35792694E+02
3.35880920E+02
3.35950806E+02
3.36020721E+02
3.36090668E+02
3.36230469E+02
3.36354156E+02
3.36510101E+02
3.36510101E+02
3.36649963E+02
3.36789764E+02
3.36719849E+02
3.36909821E+02
3.37069427E+02
3.37069427E+02
3.37209259E+02
3.37279144E+02
3.37349060E+02
3.37349060E+02
3.37558807E+02
3.37558807E+02
3.37628723E+02
3.37679291E+02
3.37831055E+02
3.37908356E+02
3.38118103E+02
3.38177734E+02
3.38257935E+02
3.38327850E+02
3.38327850E+02
3.38467651E+02
3.38607513E+02
3.38677399E+02
3.38817230E+02
3.38940613E+02
3.38957062E+02
3.39024750E+02
3.39236694E+02
3.39446442E+02
3.39858521E+02
3.40980835E+02
3.42732208E+02
3.44898499E+02
3.48026337E+02
3.51522217E+02
3.55240662E+02
3.59161713E+02
3.63706024E+02
3.67746582E+02
3.71885773E+02
3.76569916E+02
3.80477600E+02
3.84400085E+02
3.88787170E+02
3.92579865E+02
3.96494965E+02
4.00899414E+02
4.04653198E+02
4.08437042E+02
4.12148651E+02
4.16418427E+02
4.20194763E+02
4.23890991E+02
4.28162292E+02
4.31834320E+02
4.35427887E+02
4.39023529E+02
4.43143250E+02
4.46685699E+02
4.50280579E+02
4.54513367E+02
4.58026581E+02
4.61563568E+02
4.65410980E+02
4.69030304E+02
4.72619934E+02
4.76132080E+02
4.80269135E+02
4.83962891E+02
4.87543427E+02
4.91149078E+02
4.94125214E+02
4.97581146E+02
5.01936981E+02
5.05323914E+02
5.08836761E+02
5.12299622E+02
5.16307251E+02
5.19772644E+02
5.23229187E+02
5.27291809E+02
5.30761047E+02
5.34151123E+02
5.38224609E+02
5.41662231E+02
5.45127441E+02
5.48506714E+02
5.52302673E+02
5.55698120E+02
5.59038818E+02
5.63031128E+02
5.66292603E+02
5.69391052E+02
5.73486755E+02
5.76713684E+02
5.79961670E+02
5.83360352E+02
5.87002197E+02
5.90458679E+02
5.93711304E+02
5.97254822E+02
6.00513000E+02
6.03663574E+02
6.07050781E+02
6.10252808E+02
6.13274170E+02
6.16400757E+02
6.19581421E+02
6.22189819E+02
6.25371765E+02
6.28900208E+02
6.31821716E+02
6.34788818E+02
6.37677368E+02
6.40647827E+02
6.43493164E+02
6.46261047E+02
6.49513611E+02
6.52054565E+02
6.54700806E+02
6.57667542E+02
6.60167969E+02
6.62572815E+02
6.64820557E+02
6.67007202E+02
6.69178101E+02
6.71660645E+02
6.75020020E+02
6.77687256E+02
6.79792847E+02
6.81490051E+02
6.83728210E+02
6.86344788E+02
6.88873535E+02
6.91408447E+02
6.93436401E+02
6.95746704E+02
6.98633911E+02
7.00243958E+02
7.01862488E+02
7.04461060E+02
7.06430420E+02
7.08467285E+02
7.10856995E+02
7.13246643E+02
7.15075195E+02
7.17055298E+02
7.19022095E+02
7.20065613E+02
7.21610535E+02
7.23367859E+02
7.25265381E+02
7.25758972E+02
7.22665588E+02
7.23508423E+02
7.24153992E+02
7.24843628E+02
7.26477905E+02
7.27726318E+02
7.29132935E+02
7.29906677E+02
7.30824524E+02
7.31029297E+02
7.32026672E+02
7.32379822E+02
7.29553101E+02
7.28076721E+02
7.30061218E+02
7.29833862E+02
7.25898438E+02
7.28147278E+02
7.30747559E+02
7.33066956E+02
7.34332092E+02
7.34261780E+02
7.29907043E+02
7.26179199E+02
7.25268127E+02
7.25566406E+02
7.21610535E+02
7.17336182E+02
7.10520569E+02
7.07017090E+02
7.06077576E+02
7.05527405E+02
7.06873535E+02
7.07293518E+02
7.07837463E+02
7.08146423E+02
7.03125610E+02
7.01663818E+02
6.96590393E+02
6.92161560E+02
6.89776001E+02
6.89446716E+02
6.88581055E+02
6.87315857E+02
6.86751770E+02
6.85413879E+02
6.86187012E+02
6.87479370E+02
6.89154663E+02
6.88439880E+02
6.87326233E+02
6.82461914E+02
6.66938110E+02
6.54681030E+02
6.44380554E+02
6.38026001E+02
6.32628845E+02
6.30914856E+02
6.30139709E+02
6.30446777E+02
6.30289185E+02
6.31524719E+02
6.33803589E+02
6.35739258E+02
6.38020569E+02
6.40025330E+02
6.41131409E+02
6.41338806E+02
6.41132019E+02
6.39541443E+02
6.27720093E+02
6.18456604E+02
6.06705200E+02
5.91495667E+02
5.76286926E+02
5.59902954E+02
5.56537415E+02
5.46629883E+02
5.45524414E+02
5.44835266E+02
5.45800354E+02
5.46422485E+02
5.43173340E+02
5.39786011E+02
5.26028931E+02
5.19323486E+02
5.07916748E+02
5.05497253E+02
4.96648468E+02
4.90495850E+02
4.84274109E+02
4.77568420E+02
3.07228058E+02
2.46236084E+02
2.30909271E+02
2.24610794E+02
2.21835495E+02
2.22047455E+02
2.22355484E+02
2.22267151E+02
2.21983826E+02
2.21760452E+02
2.21555252E+02
2.21827744E+02
2.22123337E+02
2.21900986E+02
2.21900986E+02
2.21974213E+02
2.21827744E+02
2.21974213E+02
2.21900986E+02
2.21976059E+02
2.21900986E+02
2.21974213E+02
2.21993195E+02
2.22120682E+02
2.22047455E+02
2.21974213E+02
2.22272720E+02
2.22047455E+02
2.21974213E+02
2.22047455E+02
2.21769241E+02
2.22140060E+02
2.22053024E+02
2.22340408E+02
2.22047455E+02
2.22120682E+02
2.21754486E+02
2.22047455E+02
2.21900986E+02
2.22340408E+02
2.22120682E+02
2.22120682E+02
2.22047455E+02
2.22047455E+02
2.21827744E+02
2.21974213E+02
2.22267151E+02
2.22133331E+02
2.22267151E+02
2.22193924E+02
2.22193924E+02
2.22047455E+02
2.22057068E+02
2.21900986E+02
2.22047455E+02
2.22194321E+02
2.22120682E+02
2.22193924E+02
2.22193924E+02
2.22340408E+02
2.21832245E+02
2.21974213E+02
2.21930969E+02
2.21974213E+02
2.22341553E+02
2.22267151E+02
2.22340408E+02
2.21827744E+02
2.22047455E+02
2.21974213E+02
2.22340408E+02
2.22047455E+02
2.22193924E+02
2.21989273E+02
2.22193924E+02
2.22340790E+02
2.22193924E+02
2.22267151E+02
2.22123291E+02
2.22120682E+02
2.22267151E+02
2.22140762E+02
2.22121078E+02
2.21827744E+02
2.22429214E+02
2.22121201E+02
2.22267151E+02
2.22135773E+02
2.22054413E+02
2.22267151E+02
2.22120682E+02
2.22211807E+02
2.22202759E+02
2.22414413E+02
2.22413651E+02
2.22413651E+02
2.22413651E+02
2.22340485E+02
2.22340408E+02
2.22361374E+02
2.22267151E+02
2.22267151E+02
2.22267151E+02
2.22193924E+02
2.22413651E+02
2.22567078E+02
2.22560120E+02
2.22193924E+02
2.22199112E+02
2.22047455E+02
2.22047455E+02
2.22193924E+02
2.22560120E+02
2.22706589E+02
2.22486877E+02
2.22267151E+02
2.22486877E+02
2.22267303E+02
2.22193924E+02
2.22340408E+02
2.22491394E+02
2.22646622E+02
2.22633347E+02
2.22413651E+02
2.22486877E+02
2.22413651E+02
2.22413651E+02
2.22633347E+02
2.22633347E+02
2.22490555E+02
2.22560120E+02
2.22560120E+02
2.22486877E+02
2.22706589E+02
2.22560120E+02
2.22633347E+02
2.22706589E+02
2.22633347E+02
2.22721680E+02
2.22715683E+02
2.22633347E+02
2.22779816E+02
2.22706589E+02
2.22633347E+02
2.22486877E+02
2.22560120E+02
2.22706589E+02
2.22486877E+02
2.22853088E+02
2.22650314E+02
2.22560120E+02
2.22853638E+02
2.22853088E+02
2.22926315E+02
2.22926315E+02
2.22560120E+02
2.22706909E+02
2.22706589E+02
2.22853088E+02
2.22853088E+02
2.22486877E+02
2.22708237E+02
2.22926315E+02
2.22706589E+02
2.22560120E+02
2.22853088E+02
2.22853088E+02
2.22999557E+02
2.22853088E+02
2.22926315E+02
2.22779816E+02
2.22853088E+02
2.22999557E+02
2.23072784E+02
2.22853088E+02
2.22633347E+02
2.22853088E+02
2.22706589E+02
2.22779816E+02
2.22999557E+02
2.22926315E+02
2.22930817E+02
2.22853088E+02
2.22926315E+02
2.22926315E+02
2.22926315E+02
2.22999557E+02
2.22999557E+02
2.22853088E+02
2.22926315E+02
2.22999557E+02
2.22779816E+02
2.22926315E+02
2.22999557E+02
2.23292496E+02
2.23219772E+02
2.22853088E+02
2.22779816E+02
2.22999557E+02
2.23292496E+02
2.23512222E+02
2.23365753E+02
2.22193924E+02
2.22047455E+02
2.22120682E+02
2.21461548E+02
2.20729156E+02
2.19923553E+02
2.18898209E+02
2.18751740E+02
2.18678482E+02
2.18532013E+02
2.18165817E+02
2.17872879E+02
2.17799637E+02
2.17872879E+02
2.18092575E+02
2.18165817E+02
2.17872879E+02
2.17799637E+02
2.17872879E+02
2.17946106E+02
2.18019348E+02
2.17946106E+02
2.17799637E+02
2.17872879E+02
2.17946106E+02
2.18019348E+02
2.17872879E+02
2.17579910E+02
2.17579910E+02
2.17726410E+02
2.17799637E+02
2.17872879E+02
2.17579910E+02
2.17579910E+02
2.17653152E+02
2.17726410E+02
2.17726410E+02
2.17726578E+02
2.17506683E+02
2.17506683E+02
2.17579910E+02
2.17579910E+02
2.17579910E+02
2.17506683E+02
2.17365402E+02
2.17433441E+02
2.17506683E+02
2.17506683E+02
2.17506683E+02
2.17433441E+02
2.17433441E+02
2.17506683E+02
2.17506683E+02
2.17506683E+02
2.17433441E+02
2.17433441E+02
2.17433441E+02
2.17433441E+02
2.17433441E+02
2.17433441E+02
2.17433441E+02
2.17433441E+02
2.17506683E+02
2.17506683E+02
2.17506683E+02
2.17433441E+02
2.17433441E+02
2.17506683E+02
2.17506683E+02
2.17506683E+02
2.17433441E+02
2.17360214E+02
2.17360214E+02
2.17433441E+02
2.17433441E+02
2.17433441E+02
2.17433441E+02
2.17433441E+02
2.17506683E+02
2.17506683E+02
2.17506683E+02
2.17506683E+02
2.17579910E+02
2.17579910E+02
2.17579910E+02
2.17653152E+02
2.17653152E+02
2.17653152E+02
2.17653152E+02
2.17653152E+02
2.17653152E+02
2.17653152E+02
2.17653152E+02
2.17506683E+02
2.17579910E+02
2.17579910E+02
2.17579910E+02
2.17579910E+02
2.17579910E+02
2.17653152E+02
2.17653152E+02
2.17653152E+02
2.17726410E+02
2.17726410E+02
2.17726410E+02
TERM
