SR1 table
2.89220123E+02
2.89219940E+02
2.89205658E+02
2.89220123E+02
2.89148712E+02
2.89148712E+02
2.89005920E+02
2.89005920E+02
2.88934540E+02
2.88934540E+02
2.88863159E+02
2.88926300E+02
2.88934540E+02
2.88863159E+02
2.88791748E+02
2.88791748E+02
2.88720367E+02
2.88648956E+02
2.88648956E+02
2.88648956E+02
2.88577332E+02
2.88574707E+02
2.88506165E+02
2.88434784E+02
2.88434784E+02
2.88434784E+02
2.88434784E+02
2.88434784E+02
2.88434784E+02
2.88363403E+02
2.88363403E+02
2.88363403E+02
2.88434784E+02
2.88434784E+02
2.88434784E+02
2.88363403E+02
2.88291992E+02
2.88291992E+02
2.88291992E+02
2.88220612E+02
2.88220612E+02
2.88220612E+02
2.88220612E+02
2.88149200E+02
2.88071136E+02
2.88077820E+02
2.88077820E+02
2.88077820E+02
2.88077820E+02
2.88077820E+02
2.88006439E+02
2.88077820E+02
2.88006439E+02
2.88077820E+02
2.88077820E+02
2.88149200E+02
2.88006439E+02
2.88077820E+02
2.88149200E+02
2.88077820E+02
2.88077820E+02
2.88077820E+02
2.88077820E+02
2.88077820E+02
2.88077820E+02
2.88149200E+02
2.88077820E+02
2.88077820E+02
2.88077820E+02
2.88077820E+02
2.88077820E+02
2.88149200E+02
2.88077820E+02
2.88149200E+02
2.88220612E+02
2.88149200E+02
2.88149200E+02
2.88077820E+02
2.88077820E+02
2.88149200E+02
2.88149200E+02
2.88220612E+02
2.88149200E+02
2.88220612E+02
2.88220612E+02
2.88220612E+02
2.88291992E+02
2.88291992E+02
2.88291992E+02
2.88363403E+02
2.88363403E+02
2.88363403E+02
2.88363403E+02
2.88434784E+02
2.88506165E+02
2.88506165E+02
2.88506165E+02
2.88506165E+02
2.88506165E+02
2.88577576E+02
2.88648743E+02
2.88648956E+02
2.88648956E+02
2.88720367E+02
2.88720367E+02
2.88790344E+02
2.88863159E+02
2.88934540E+02
2.88995300E+02
2.89077332E+02
2.89073761E+02
2.89136505E+02
2.89220123E+02
2.89216064E+02
2.89291504E+02
2.89290955E+02
2.89362885E+02
2.89434296E+02
2.89418610E+02
2.89504364E+02
2.89577087E+02
2.89577087E+02
2.89647980E+02
2.89702087E+02
2.89791260E+02
2.89781128E+02
2.90005432E+02
2.90142853E+02
2.90125275E+02
2.90197144E+02
2.90275909E+02
2.90290344E+02
2.90278473E+02
2.90407593E+02
2.90492889E+02
2.90576477E+02
2.90641785E+02
2.90629028E+02
2.90698364E+02
2.90698242E+02
2.90774536E+02
2.90927460E+02
2.91072754E+02
2.91059448E+02
2.91072968E+02
2.91118378E+02
2.91343353E+02
2.91411438E+02
2.91401764E+02
2.91431305E+02
2.91540894E+02
2.91826477E+02
2.91833435E+02
2.91969269E+02
2.91990997E+02
2.91972137E+02
2.91969269E+02
2.92056946E+02
2.92049652E+02
2.92284332E+02
2.92267365E+02
2.92326843E+02
2.92555267E+02
2.92700745E+02
2.92699554E+02
2.92754578E+02
2.93041687E+02
2.93195129E+02
2.93255768E+02
2.93192535E+02
2.93201935E+02
2.93415771E+02
2.93482819E+02
2.93542175E+02
2.93624603E+02
2.93634277E+02
2.93701935E+02
2.93772217E+02
2.93932037E+02
2.94140564E+02
2.94143982E+02
2.94207123E+02
2.94343079E+02
2.94500092E+02
2.94642059E+02
2.94645325E+02
2.94788757E+02
2.94921906E+02
2.94912903E+02
2.95001129E+02
2.95131927E+02
2.95206116E+02
2.95354279E+02
2.95357208E+02
2.95430756E+02
2.95570984E+02
2.95613190E+02
2.95832703E+02
2.95855469E+02
2.95984985E+02
2.95985535E+02
2.96117188E+02
2.96135345E+02
2.96287933E+02
2.96403870E+02
2.96468933E+02
2.96569519E+02
2.96696198E+02
2.96978607E+02
2.97214142E+02
2.97181488E+02
2.97323730E+02
2.97281097E+02
2.97412506E+02
2.97631256E+02
2.97846344E+02
2.97926483E+02
2.97978241E+02
2.98187744E+02
2.98334656E+02
2.98423981E+02
2.98477631E+02
2.98553467E+02
2.98622894E+02
2.98771790E+02
2.98768707E+02
2.98903351E+02
2.98973999E+02
2.99050232E+02
2.99354919E+02
2.99394653E+02
2.99496674E+02
2.99570587E+02
2.99712830E+02
3.00070435E+02
3.00071838E+02
3.00128540E+02
3.00286041E+02
3.00346802E+02
3.00491302E+02
3.00642975E+02
3.00785797E+02
3.01067352E+02
3.01071350E+02
3.01214142E+02
3.01214142E+02
3.01428314E+02
3.01856659E+02
3.01928070E+02
3.01856171E+02
3.01928070E+02
3.02142242E+02
3.02142242E+02
3.02285004E+02
3.02356415E+02
3.02570618E+02
3.02570618E+02
3.02784760E+02
3.02856171E+02
3.02998962E+02
3.03141724E+02
3.03213135E+02
3.03213135E+02
3.03498718E+02
3.03641479E+02
3.03998444E+02
3.04069855E+02
3.04069855E+02
3.04212646E+02
3.04355438E+02
3.04355438E+02
3.04498199E+02
3.04640991E+02
3.04640991E+02
3.04783783E+02
3.04926544E+02
3.04926544E+02
3.04997955E+02
3.05212158E+02
3.05283539E+02
3.05354919E+02
3.05426300E+02
3.05640503E+02
3.05783264E+02
3.06068878E+02
3.06068878E+02
3.06283020E+02
3.06354431E+02
3.06497223E+02
3.06640015E+02
3.06854187E+02
3.06996979E+02
3.06996979E+02
3.07064056E+02
3.07211151E+02
3.07282349E+02
3.07496735E+02
3.07568085E+02
3.07639496E+02
3.07782288E+02
3.07846802E+02
3.08139252E+02
3.08210663E+02
3.08338928E+02
3.08564911E+02
3.08637573E+02
3.08710388E+02
3.08781799E+02
3.08995972E+02
3.09281555E+02
3.09424316E+02
3.09424316E+02
3.09495728E+02
3.09628021E+02
3.09773041E+02
3.09835907E+02
3.09852600E+02
3.10066864E+02
3.10209625E+02
3.10209625E+02
3.10423828E+02
3.10638031E+02
3.10780792E+02
3.10994965E+02
3.11199585E+02
3.11137756E+02
3.11280548E+02
3.11566101E+02
3.11637512E+02
3.11851685E+02
3.11851685E+02
3.11977875E+02
3.11994476E+02
3.12208649E+02
3.12420593E+02
3.12637024E+02
3.12634735E+02
3.12779816E+02
3.12993988E+02
3.13136749E+02
3.13208160E+02
3.13493744E+02
3.13493744E+02
3.13492859E+02
3.13616547E+02
3.13707916E+02
3.13922089E+02
3.14064819E+02
3.14135406E+02
3.14132690E+02
3.14344269E+02
3.14614380E+02
3.14636017E+02
3.14778809E+02
3.14921600E+02
3.15063019E+02
3.15114075E+02
3.15132874E+02
3.15404572E+02
3.15620087E+02
3.15967224E+02
3.16040497E+02
3.16037567E+02
3.16025055E+02
3.16168457E+02
3.16382324E+02
3.16514374E+02
3.16656189E+02
3.16639984E+02
3.16787384E+02
3.16949097E+02
3.17088898E+02
3.17135284E+02
3.17296570E+02
3.17437744E+02
3.17574097E+02
3.17642181E+02
3.17846771E+02
3.17851898E+02
3.18066223E+02
3.18106628E+02
3.18475708E+02
3.18467072E+02
3.18603241E+02
3.18733246E+02
3.19032928E+02
3.18975525E+02
3.19019745E+02
3.19180878E+02
3.19229187E+02
3.19431763E+02
3.19576843E+02
3.19593201E+02
3.19598511E+02
3.19781281E+02
3.19859680E+02
3.20073090E+02
3.20131836E+02
3.20281036E+02
3.20409668E+02
3.20550201E+02
3.20711548E+02
3.20622925E+02
3.20913147E+02
3.21203308E+02
3.21329285E+02
3.21410583E+02
3.21541962E+02
3.21768127E+02
3.21885620E+02
3.21967590E+02
3.22042389E+02
3.22100250E+02
3.22388306E+02
3.22588776E+02
3.22576233E+02
3.22592255E+02
3.22653503E+02
3.22925385E+02
3.23009735E+02
3.23294037E+02
3.23346741E+02
3.23354095E+02
3.23572998E+02
3.23766998E+02
3.23904846E+02
3.23978729E+02
3.24043976E+02
3.24140930E+02
3.24184235E+02
3.24339325E+02
3.24463562E+02
3.24675293E+02
3.24812256E+02
3.24883392E+02
3.24953430E+02
3.25021912E+02
3.25231567E+02
3.25371338E+02
3.25650848E+02
3.25732697E+02
3.25790619E+02
3.25930389E+02
3.26209930E+02
3.26349670E+02
3.26419586E+02
3.26358734E+02
3.26489471E+02
3.26769012E+02
3.27048523E+02
3.27048523E+02
3.27258179E+02
3.27188293E+02
3.27397949E+02
3.27537720E+02
3.27607605E+02
3.27747345E+02
3.27817261E+02
3.28026917E+02
3.28166656E+02
3.28236542E+02
3.28306427E+02
3.28516083E+02
3.28795624E+02
3.28865509E+02
3.28865509E+02
3.28935394E+02
3.29145020E+02
3.29145020E+02
3.29354706E+02
3.29564331E+02
3.29634216E+02
3.29773987E+02
3.29913757E+02
3.30123047E+02
3.30262787E+02
3.30472443E+02
3.30542328E+02
3.30610870E+02
3.30891754E+02
3.30961639E+02
3.31101410E+02
3.31241150E+02
3.31311035E+02
3.31450806E+02
3.31590576E+02
3.31800232E+02
3.32079773E+02
3.32149658E+02
3.32219543E+02
3.32289429E+02
3.32359314E+02
3.32638824E+02
3.32638824E+02
3.32778595E+02
3.32848511E+02
3.32988251E+02
3.33058136E+02
3.33197906E+02
3.33197906E+02
3.33267792E+02
3.33337646E+02
3.33477448E+02
3.33617218E+02
3.33896729E+02
3.34036499E+02
3.34176270E+02
3.34246155E+02
3.34316040E+02
3.34385925E+02
3.34735321E+02
3.34875122E+02
3.35014893E+02
3.35154633E+02
3.35084747E+02
3.35294403E+02
3.35364288E+02
3.35434174E+02
3.35434174E+02
3.35504059E+02
3.35643829E+02
3.35923340E+02
3.35993225E+02
3.36133026E+02
3.36272797E+02
3.36272797E+02
3.36412537E+02
3.36482422E+02
3.36622192E+02
3.36692474E+02
3.36692474E+02
3.36766022E+02
3.36902100E+02
3.36984680E+02
3.37182129E+02
3.37391296E+02
3.37391296E+02
3.37602722E+02
3.37604431E+02
3.37810577E+02
3.37810577E+02
3.38020264E+02
3.38100525E+02
3.38229889E+02
3.38370270E+02
3.38439545E+02
3.38509430E+02
3.38439545E+02
3.38579315E+02
3.38803436E+02
3.38928741E+02
3.39074341E+02
3.39138367E+02
3.39208252E+02
3.39278137E+02
3.39417908E+02
3.39557678E+02
3.39697449E+02
3.39837189E+02
3.40046875E+02
3.40326385E+02
3.40396271E+02
3.40536041E+02
3.40605927E+02
3.40816010E+02
3.40886536E+02
3.41025238E+02
3.41234863E+02
3.41448029E+02
3.41584290E+02
3.41654175E+02
3.41654175E+02
3.41793945E+02
3.42003601E+02
3.42143372E+02
3.42233002E+02
3.42492767E+02
3.42509979E+02
3.42638031E+02
3.42856415E+02
3.42931824E+02
3.42981964E+02
3.43051849E+02
3.43121735E+02
3.43122833E+02
3.43401276E+02
3.43471222E+02
3.43680817E+02
3.43820557E+02
3.43890442E+02
3.44030243E+02
3.44310699E+02
3.44659180E+02
3.44729065E+02
3.44868835E+02
3.44938721E+02
3.45008606E+02
3.45148346E+02
3.45148346E+02
3.45218231E+02
3.45358002E+02
3.45497772E+02
3.45497772E+02
3.45637573E+02
3.45707642E+02
3.45637543E+02
3.45986969E+02
3.46056854E+02
3.46126740E+02
3.46196625E+02
3.46336365E+02
3.46546021E+02
3.46685791E+02
3.46755676E+02
3.46965332E+02
3.47035217E+02
3.47035217E+02
3.47174988E+02
3.47244873E+02
3.47314758E+02
3.47314758E+02
3.47524414E+02
3.47594299E+02
3.47803925E+02
3.47943695E+02
3.48083466E+02
3.48223236E+02
3.48153351E+02
3.48293121E+02
3.48572662E+02
3.48642548E+02
3.48782318E+02
3.48852203E+02
3.49201599E+02
3.49201599E+02
3.49411255E+02
3.49481140E+02
3.49481140E+02
3.49690796E+02
3.49830536E+02
3.50040222E+02
3.50110107E+02
3.50249847E+02
3.50459503E+02
3.50459503E+02
3.50389618E+02
3.50529388E+02
3.50606079E+02
3.50808929E+02
3.50739044E+02
3.50878815E+02
3.51018585E+02
3.51298096E+02
3.51448303E+02
3.51595398E+02
3.51652405E+02
3.51717407E+02
3.51857178E+02
3.51996948E+02
3.52136719E+02
3.52346375E+02
3.52346375E+02
3.52416229E+02
3.52556000E+02
3.52765686E+02
3.52835571E+02
3.52905426E+02
3.52905426E+02
3.52975311E+02
3.53045197E+02
3.53184967E+02
3.53324738E+02
3.53464508E+02
3.53604279E+02
3.53674164E+02
3.53674164E+02
3.53744019E+02
3.53813965E+02
3.54023560E+02
3.54233215E+02
3.54233215E+02
3.54442871E+02
3.54442871E+02
3.54652496E+02
3.54725861E+02
3.54862183E+02
3.55001953E+02
3.55141693E+02
3.55141693E+02
3.55211578E+02
3.55351349E+02
3.55421234E+02
3.55630890E+02
3.55700775E+02
3.55630890E+02
3.55840546E+02
3.55980286E+02
3.56189972E+02
3.56259857E+02
3.56329712E+02
3.56469482E+02
3.56679138E+02
3.56749023E+02
3.56818909E+02
3.57028564E+02
3.57238190E+02
3.57238190E+02
3.57377960E+02
3.57447876E+02
3.57517761E+02
3.57657501E+02
3.57587646E+02
3.57727386E+02
3.57797272E+02
3.57937042E+02
3.58216583E+02
3.58216583E+02
3.58356354E+02
3.58565979E+02
3.58705750E+02
3.58775635E+02
3.59125061E+02
3.59125061E+02
3.59125061E+02
3.59264832E+02
3.59334717E+02
3.59474487E+02
3.59614258E+02
3.59684143E+02
3.59754028E+02
3.59823883E+02
3.59963654E+02
3.60103424E+02
3.60243195E+02
3.60452850E+02
3.60522736E+02
3.60522736E+02
3.60662506E+02
3.60872162E+02
3.60872162E+02
3.61081818E+02
3.61081818E+02
3.61221558E+02
3.61291443E+02
3.61291443E+02
3.61431213E+02
3.61361328E+02
3.61501099E+02
3.61640869E+02
3.61710754E+02
3.61850525E+02
3.62130066E+02
3.62130066E+02
3.62130066E+02
3.62269836E+02
3.62409576E+02
3.62479462E+02
3.62689117E+02
3.62828888E+02
3.62828888E+02
3.63108429E+02
3.63387939E+02
3.63318054E+02
3.63527740E+02
3.63527740E+02
3.63527740E+02
3.63737366E+02
3.63947021E+02
3.63877136E+02
3.64086792E+02
3.64086792E+02
3.64086792E+02
3.64086792E+02
3.64366333E+02
3.64715729E+02
3.64995300E+02
3.64925415E+02
3.65065155E+02
3.65135040E+02
3.65274811E+02
3.65484467E+02
3.65624237E+02
3.65764008E+02
3.65833893E+02
3.65903748E+02
3.65973633E+02
3.66043518E+02
3.66183289E+02
3.66462830E+02
3.66532715E+02
3.66672485E+02
3.66602600E+02
3.66812256E+02
3.66882141E+02
3.67161682E+02
3.67091797E+02
3.67371307E+02
3.67371307E+02
3.67650848E+02
3.67720734E+02
3.67930389E+02
3.68140045E+02
3.68279816E+02
3.68419586E+02
3.68489441E+02
3.68629211E+02
3.68768982E+02
3.68908752E+02
3.69048523E+02
3.69188293E+02
3.69328064E+02
3.69328064E+02
3.69467804E+02
3.69607605E+02
3.69817230E+02
3.69817230E+02
3.69957001E+02
3.69957001E+02
3.70097137E+02
3.70306427E+02
3.70516083E+02
3.70585968E+02
3.70795624E+02
3.71005280E+02
3.71075165E+02
3.71284790E+02
3.71354675E+02
3.71564331E+02
3.71634216E+02
3.71773987E+02
3.71983612E+02
3.71983612E+02
3.72193298E+02
3.72263153E+02
3.72193298E+02
3.72472809E+02
3.72472809E+02
3.72542694E+02
3.72892120E+02
3.72962006E+02
3.73031891E+02
3.73031891E+02
3.73311401E+02
3.73311401E+02
3.73381287E+02
3.73311401E+02
3.73521057E+02
3.73660858E+02
3.73940369E+02
3.74010254E+02
3.74149994E+02
3.74289795E+02
3.74429565E+02
3.74499451E+02
3.74569305E+02
3.74639191E+02
3.74709076E+02
3.74848846E+02
3.75059113E+02
3.75128387E+02
3.75338043E+02
3.75617584E+02
3.75687469E+02
3.75832489E+02
3.75827240E+02
3.75966980E+02
3.76036865E+02
3.76176636E+02
3.76316406E+02
3.76456177E+02
3.76665833E+02
3.76735687E+02
3.76810486E+02
3.77015259E+02
3.77155029E+02
3.77294769E+02
3.77364655E+02
3.77509338E+02
3.77644196E+02
3.77644379E+02
3.77853851E+02
3.77993622E+02
3.78133362E+02
3.78343018E+02
3.78273163E+02
3.78344360E+02
3.78413086E+02
3.78622559E+02
3.78902100E+02
3.78974213E+02
3.79111755E+02
3.79111755E+02
3.79251526E+02
3.79391266E+02
3.79531128E+02
3.79534180E+02
3.79601685E+02
3.79740723E+02
3.79811432E+02
3.79953369E+02
3.80160004E+02
3.80229889E+02
3.80229889E+02
3.80369659E+02
3.80369659E+02
3.80649170E+02
3.80788940E+02
3.80858826E+02
3.81076080E+02
3.81068512E+02
3.81068512E+02
3.81208252E+02
3.81417908E+02
3.81557648E+02
3.81767334E+02
3.81767334E+02
3.81978333E+02
3.82046844E+02
3.82326385E+02
3.82536011E+02
3.82536011E+02
3.82675781E+02
3.82605927E+02
3.82605927E+02
3.82675781E+02
3.82956879E+02
3.83164978E+02
3.83095123E+02
3.83095123E+02
3.83095123E+02
3.83234894E+02
3.83374634E+02
3.83724030E+02
3.83945312E+02
3.83933716E+02
3.84003571E+02
3.84073486E+02
3.84213226E+02
3.84283142E+02
3.84283142E+02
3.84213226E+02
3.84422913E+02
3.84492767E+02
3.84632538E+02
3.84772308E+02
3.84842194E+02
3.84912079E+02
3.85261505E+02
3.85191589E+02
3.85121735E+02
3.85541016E+02
3.85750702E+02
3.85680786E+02
3.85820557E+02
3.86030182E+02
3.86169983E+02
3.86100098E+02
3.86100098E+02
3.86169983E+02
3.86519379E+02
3.86589294E+02
3.86659149E+02
3.86729034E+02
3.86798920E+02
3.86938721E+02
3.87008575E+02
3.87008575E+02
3.87168091E+02
3.87224762E+02
3.87427887E+02
3.87497742E+02
3.87637543E+02
3.87917084E+02
3.87917084E+02
3.87917084E+02
3.88056793E+02
3.88196594E+02
3.88266479E+02
3.88406250E+02
3.88477386E+02
3.88545990E+02
3.88755676E+02
3.88755676E+02
3.88825531E+02
3.88965332E+02
3.89035187E+02
3.89174957E+02
3.89314728E+02
3.89314728E+02
3.89524384E+02
3.89594269E+02
3.89734070E+02
3.89734070E+02
3.89803925E+02
3.90083466E+02
3.90153320E+02
3.90153320E+02
3.90153320E+02
3.90293091E+02
3.90502747E+02
3.90518311E+02
3.90649292E+02
3.90712372E+02
3.90642517E+02
3.90802063E+02
3.90998047E+02
3.90994995E+02
3.91061829E+02
3.91271484E+02
3.91551422E+02
3.91481110E+02
3.91620911E+02
3.91691162E+02
3.91830536E+02
3.91900452E+02
3.92179962E+02
3.92179962E+02
3.92599274E+02
3.92599274E+02
3.92739044E+02
3.92746674E+02
3.92808899E+02
3.92898529E+02
3.93019135E+02
3.93088440E+02
3.93088440E+02
3.93088440E+02
3.93088440E+02
3.93228241E+02
3.93507721E+02
3.93507721E+02
3.93647522E+02
3.93787292E+02
3.93927063E+02
3.94067352E+02
3.94206573E+02
3.94346344E+02
3.94555969E+02
3.94835510E+02
3.94765656E+02
3.94835510E+02
3.94905426E+02
3.94835510E+02
3.94905426E+02
3.94975311E+02
3.95184937E+02
3.95324707E+02
3.95394623E+02
3.95604248E+02
3.95813904E+02
3.96023529E+02
3.96163300E+02
3.96233215E+02
3.96303070E+02
3.96442871E+02
3.96512726E+02
3.96792267E+02
3.96932037E+02
3.97001923E+02
3.97071808E+02
3.97211548E+02
3.97281464E+02
3.97351318E+02
3.97561005E+02
3.97770660E+02
3.97840515E+02
3.97840515E+02
3.97910431E+02
3.97980286E+02
3.97980286E+02
3.98329712E+02
3.98399597E+02
3.98469482E+02
3.98469482E+02
3.98539337E+02
3.98539337E+02
3.98749023E+02
3.98818878E+02
3.98888763E+02
3.98819855E+02
3.99168335E+02
3.99517731E+02
4.00286438E+02
4.02033508E+02
4.03990265E+02
4.06506073E+02
4.10000244E+02
4.13564270E+02
4.17407867E+02
4.21391235E+02
4.25514374E+02
4.29215759E+02
4.32878204E+02
4.37093384E+02
4.40686707E+02
4.44210907E+02
4.47666016E+02
4.51816864E+02
4.55405884E+02
4.58722321E+02
4.62730286E+02
4.66185394E+02
4.69502289E+02
4.73302887E+02
4.76619781E+02
4.79936676E+02
4.83115417E+02
4.87054199E+02
4.90302002E+02
4.93480713E+02
4.97281342E+02
5.00471497E+02
5.03569611E+02
5.06748291E+02
5.10279022E+02
5.13312988E+02
5.16491699E+02
5.20154114E+02
5.23194580E+02
5.26235046E+02
5.29622498E+02
5.32454285E+02
5.35287415E+02
5.37775146E+02
5.41299316E+02
5.44207092E+02
5.47103882E+02
5.50489929E+02
5.53323486E+02
5.56225342E+02
5.59059998E+02
5.62237305E+02
5.65070435E+02
5.67776550E+02
5.71013245E+02
5.73846436E+02
5.76679626E+02
5.79720093E+02
5.82484192E+02
5.85248291E+02
5.88448730E+02
5.90919861E+02
5.93609619E+02
5.96511902E+02
5.99068726E+02
6.01695557E+02
6.04252625E+02
6.06809509E+02
6.09364868E+02
6.11852539E+02
6.14685730E+02
6.16897034E+02
6.18693665E+02
6.20904907E+02
6.23599915E+02
6.25465698E+02
6.27607849E+02
6.30510132E+02
6.32859619E+02
6.34518066E+02
6.36107361E+02
6.38318665E+02
6.40737244E+02
6.42879395E+02
6.45436157E+02
6.47578308E+02
6.49582275E+02
6.51862671E+02
6.53590271E+02
6.55041382E+02
6.56630676E+02
6.58841675E+02
6.60638245E+02
6.62231445E+02
6.63777039E+02
6.64830933E+02
6.66095459E+02
6.67219604E+02
6.69046265E+02
6.71505188E+02
6.74174866E+02
6.74877502E+02
6.75509766E+02
6.76914917E+02
6.79303589E+02
6.81341003E+02
6.82113831E+02
6.83027161E+02
6.84853760E+02
6.86820984E+02
6.87523499E+02
6.88577332E+02
6.90474243E+02
6.91668640E+02
6.93214233E+02
6.94900391E+02
6.95954163E+02
6.97640381E+02
6.99115723E+02
6.99748047E+02
7.00029053E+02
7.01434143E+02
7.02417725E+02
7.03050049E+02
7.02628479E+02
7.00310059E+02
6.99466980E+02
6.99537292E+02
7.00801819E+02
7.01785461E+02
7.02136719E+02
7.02417725E+02
7.02558289E+02
7.02698792E+02
7.02698792E+02
7.02909546E+02
7.02979797E+02
7.01715210E+02
7.01082886E+02
7.01925964E+02
7.01996216E+02
6.98834717E+02
7.00310059E+02
7.02066467E+02
7.04244385E+02
7.04525452E+02
7.04455139E+02
7.01434143E+02
6.99115723E+02
6.97499878E+02
6.97148560E+02
6.92933167E+02
6.89139404E+02
6.84080994E+02
6.76352844E+02
6.76844604E+02
6.77195862E+02
6.77547241E+02
6.77898499E+02
6.77828186E+02
6.78022766E+02
6.73121094E+02
6.72629272E+02
6.68132874E+02
6.62793457E+02
6.61329346E+02
6.61467468E+02
6.60569214E+02
6.59187134E+02
6.58565247E+02
6.57597778E+02
6.58288818E+02
6.59532654E+02
6.60638245E+02
6.60292786E+02
6.58979797E+02
6.55455627E+02
6.42948181E+02
6.25949036E+02
6.16689392E+02
6.09157227E+02
6.02799805E+02
6.01556030E+02
6.00795898E+02
6.01348694E+02
6.01210510E+02
6.02523438E+02
6.04596497E+02
6.07084167E+02
6.09433655E+02
6.11437622E+02
6.12750549E+02
6.12750549E+02
6.12750549E+02
6.11299377E+02
5.98999146E+02
5.91467102E+02
5.80134399E+02
5.68594299E+02
5.52009827E+02
5.40953491E+02
5.34596069E+02
5.26372925E+02
5.24230774E+02
5.24507202E+02
5.24772217E+02
5.25198181E+02
5.22365051E+02
5.17527893E+02
5.06056946E+02
5.01011505E+02
4.90301636E+02
4.88781403E+02
4.85879089E+02
4.85119019E+02
4.83736938E+02
4.81386963E+02
4.59343903E+02
2.68052216E+02
2.32645370E+02
2.24958511E+02
2.22542664E+02
2.21883789E+02
2.21590958E+02
2.21371323E+02
2.20932083E+02
2.20785675E+02
2.20639267E+02
2.20858871E+02
2.21005295E+02
2.21078506E+02
2.21222397E+02
2.21224930E+02
2.20932083E+02
2.20931595E+02
2.20858871E+02
2.20858871E+02
2.21078506E+02
2.21298141E+02
2.21224930E+02
2.21222610E+02
2.21005295E+02
2.20785675E+02
2.21074799E+02
2.20858124E+02
2.20932083E+02
2.21005295E+02
2.21078506E+02
2.21224930E+02
2.21298141E+02
2.21371307E+02
2.21078278E+02
2.21298141E+02
2.21004639E+02
2.21078506E+02
2.20777206E+02
2.21224930E+02
2.21362610E+02
2.21224930E+02
2.21078506E+02
2.21078506E+02
2.20996918E+02
2.20931717E+02
2.21059998E+02
2.21224930E+02
2.21297958E+02
2.21224930E+02
2.21296127E+02
2.21078506E+02
2.21147766E+02
2.21005295E+02
2.21151718E+02
2.21224716E+02
2.21224930E+02
2.21222656E+02
2.21222610E+02
2.21137512E+02
2.20995529E+02
2.21151230E+02
2.20989838E+02
2.21048523E+02
2.21143875E+02
2.21288300E+02
2.21269577E+02
2.20997986E+02
2.21438858E+02
2.21268646E+02
2.21277649E+02
2.21131943E+02
2.21213974E+02
2.21134872E+02
2.21295334E+02
2.21436493E+02
2.21490555E+02
2.21262985E+02
2.21209610E+02
2.21129761E+02
2.21410828E+02
2.21349701E+02
2.21339584E+02
2.21189102E+02
2.21408844E+02
2.21218521E+02
2.21408722E+02
2.21555130E+02
2.21336517E+02
2.21408722E+02
2.21265488E+02
2.21427490E+02
2.21349731E+02
2.21408722E+02
2.21189865E+02
2.21408722E+02
2.21335495E+02
2.21335495E+02
2.21335495E+02
2.21408722E+02
2.21262314E+02
2.21335495E+02
2.21335495E+02
2.21336014E+02
2.21481918E+02
2.21555130E+02
2.21628342E+02
2.21628342E+02
2.21482697E+02
2.21262314E+02
2.21115891E+02
2.21120300E+02
2.21628342E+02
2.21555130E+02
2.21637100E+02
2.21335495E+02
2.21482941E+02
2.21481918E+02
2.21265869E+02
2.21555130E+02
2.21847961E+02
2.21922684E+02
2.21701569E+02
2.21409042E+02
2.21555130E+02
2.21555130E+02
2.21555130E+02
2.21701569E+02
2.21701569E+02
2.21408722E+02
2.21555130E+02
2.21555130E+02
2.21628342E+02
2.21774750E+02
2.21481918E+02
2.21481918E+02
2.21701569E+02
2.21555130E+02
2.21774750E+02
2.21847961E+02
2.21701569E+02
2.21847961E+02
2.21701569E+02
2.21555130E+02
2.21701569E+02
2.21994385E+02
2.21921173E+02
2.21847961E+02
2.21847961E+02
2.21628342E+02
2.21481918E+02
2.21555130E+02
2.21701569E+02
2.21921173E+02
2.21921173E+02
2.21774750E+02
2.21701569E+02
2.21555130E+02
2.21774750E+02
2.21994385E+02
2.21921173E+02
2.21847961E+02
2.21774750E+02
2.21774750E+02
2.21774750E+02
2.21847961E+02
2.21921173E+02
2.21847961E+02
2.21701569E+02
2.21774750E+02
2.21847961E+02
2.21774750E+02
2.21994385E+02
2.21921173E+02
2.21994385E+02
2.21921173E+02
2.22067596E+02
2.21847961E+02
2.21774750E+02
2.22067596E+02
2.22067596E+02
2.21994385E+02
2.21994385E+02
2.21994385E+02
2.21921173E+02
2.21921173E+02
2.21921173E+02
2.21994385E+02
2.21774750E+02
2.21994385E+02
2.22287201E+02
2.22140808E+02
2.21847961E+02
2.21921173E+02
2.22287201E+02
2.22287201E+02
2.21847961E+02
2.21628342E+02
2.21774750E+02
2.22140808E+02
2.22433640E+02
2.22287201E+02
2.21481918E+02
2.21335495E+02
2.21189102E+02
2.20896255E+02
2.20017761E+02
2.19066055E+02
2.18260773E+02
2.18114349E+02
2.17967941E+02
2.17821533E+02
2.17455490E+02
2.17162674E+02
2.17162674E+02
2.17235870E+02
2.17455490E+02
2.17528702E+02
2.17089462E+02
2.17089462E+02
2.17235870E+02
2.17382278E+02
2.17382278E+02
2.17161026E+02
2.17089081E+02
2.17162292E+02
2.17381912E+02
2.17455124E+02
2.17089081E+02
2.16789413E+02
2.16941055E+02
2.17015869E+02
2.17162292E+02
2.17089081E+02
2.16796265E+02
2.16866302E+02
2.17002228E+02
2.17142807E+02
2.17162292E+02
2.16942001E+02
2.16781342E+02
2.16847153E+02
2.16940125E+02
2.16925400E+02
2.16982407E+02
2.16706360E+02
2.16646286E+02
2.16796036E+02
2.16793991E+02
2.16860123E+02
2.16698898E+02
2.16722260E+02
2.16796265E+02
2.16766739E+02
2.16867264E+02
2.16795563E+02
2.16630478E+02
2.16649841E+02
2.16722031E+02
2.16696350E+02
2.16723053E+02
2.16720963E+02
2.16649841E+02
2.16796265E+02
2.16789200E+02
2.16795593E+02
2.16723053E+02
2.16723053E+02
2.16796265E+02
2.16791824E+02
2.16858032E+02
2.16777695E+02
2.16576630E+02
2.16576630E+02
2.16645264E+02
2.16720657E+02
2.16723053E+02
2.16723053E+02
2.16710190E+02
2.16796265E+02
2.16796265E+02
2.16850540E+02
2.16851532E+02
2.16869446E+02
2.16867432E+02
2.16942657E+02
2.16942291E+02
2.16929901E+02
2.16923035E+02
2.16935760E+02
2.16932205E+02
2.16942657E+02
2.16938995E+02
2.17006027E+02
2.16862213E+02
2.16796265E+02
2.16847595E+02
2.16837540E+02
2.16932541E+02
2.16913696E+02
2.16839508E+02
2.16938828E+02
2.16940323E+02
2.17013245E+02
2.16985611E+02
2.17006271E+02
2.17087463E+02
TERM
