SR1 H
42.629659548544986
42.613701142507786
42.5897751684268
42.621436237989386
42.57383004377332
42.580391899159785
42.52602998377787
42.59775139539989
42.637444875770264
42.52602998377787
42.57383004377332
42.59775139539989
42.597615349195316
42.54992409710818
42.613701142507786
42.70153972164891
42.645626617838936
42.717527370552375
42.78953584774007
42.74151714119844
42.78153117532832
42.813366638584625
42.94994470515317
42.82958981513316
42.90176616035063
43.05449822036552
43.02115432993457
43.12701062365887
43.156412927227656
43.158048263136166
43.28799541276212
43.31175796754256
43.34146873924453
43.203838741256355
43.35325441461249
43.601346875575956
43.507145974091685
43.455310289977156
43.68499794898777
43.61270506622096
43.749388494601554
43.839664259472066
43.95367081424274
43.759679455516476
44.118196909717
44.15166597640419
43.92953082398741
44.317736183461435
44.22584379694504
44.25046512929614
44.448820460880256
44.33931020346082
44.50439162438795
44.58677873355616
44.592320557899875
44.62822638557287
44.81450306172204
44.73161866481611
44.83654573132857
44.83668819126944
44.84655926346946
44.689735234319286
44.99241430394025
45.12460745974804
44.98599676803458
45.123221794476564
45.287753335080765
45.14827394413865
45.22187851769104
45.44455112403273
45.37021938877231
45.31255486771606
45.386843613423224
45.651579600175886
45.3386123097412
45.57068550053992
45.56038622036339
45.71800481163789
45.66818158597652
45.83444819609621
45.79283026242454
45.742935992035825
45.934465754519486
45.992893535752906
46.06811466328723
46.05974791386118
46.30322840113076
46.136261702975695
46.302814636172386
46.31962282553539
46.19371794845596
46.29441427114514
46.286015351985824
46.44581876461882
46.302814636172386
46.48795281773602
46.462668352977474
46.58076114604168
46.71604769841858
46.60610143571519
46.70757871641746
46.90261607521363
47.004656804559886
46.67373411907785
47.15807115911699
47.12394369423396
46.86032614593584
47.22646476215474
47.17514846527531
46.99614246069497
47.064265681476066
47.35473719360424
47.32048656614354
47.26059309902582
47.76745675790742
47.50055372672725
47.3633040878928
47.61232506411329
47.50914342616687
47.47479255995901
47.69845385579153
47.81926161013316
47.47479255995901
47.91437016181622
47.85382761888408
47.70707446315795
47.93168005603506
48.2528807700753
47.6553707474479
48.139813138397066
48.24417133118026
47.91437016181622
48.2528807700753
48.505925195474994
48.401079627510356
48.26158397546074
48.35745007750279
48.20066730093976
48.20066730093976
48.59344872847626
48.38362379442076
48.287713025444766
48.73376109310271
48.44474316701181
48.795260441720174
48.927265500046076
48.59344872847626
48.777682473517395
48.99779536467268
49.01543760924562
49.17449799898813
49.00661782242104
49.15680288120251
48.82163771868533
49.44946454629296
49.27191534015412
49.18334760510063
49.55625527152003
49.11258871299135
49.32512384970709
49.44946454629296
49.72575008774264
49.59189723387387
49.17449799898813
49.91365488835888
49.440573941342066
49.60081111820498
49.77937369000742
49.58298471988056
49.85095402491273
50.08418955793024
49.93158297757855
49.663246942738205
50.17414237134283
50.22818252977526
49.529541967566665
50.1471447519272
50.16514440183714
49.788316377925796
50.0033502072907
50.70768359825919
50.057229396034714
50.27116660231972
50.79854583371232
50.21912919287346
50.30026603004937
50.59873118373456
50.50736812489516
50.354421989944576
50.971652380987585
50.85315821603069
50.29079663995194
50.98805363108484
50.971652380987585
50.83494862976094
51.1544113562334
51.033246865026165
50.98972458806312
51.25516400307602
50.971652380987585
51.3836433808696
51.01667413567842
51.20934474228819
51.236836103735115
51.1544113562334
51.40201977186216
51.299166512949085
51.705163623710455
51.37445714439692
51.78920287836086
51.77070922513834
51.27350152792037
51.62094232529818
52.0301268769279
51.37445714439692
52.16955071118653
52.002279169196335
51.54001717405603
52.0301268769279
52.07656780158394
51.80770225806283
51.78920287836086
52.36527608257021
51.72449929724187
52.24404120888046
52.281316162546645
52.253354812842495
52.533533480417326
52.281316162546645
52.40262810472981
51.97444407300061
52.43999862244556
52.52417370095117
52.23472501606432
52.92791472421974
52.608462812733165
52.59908761725825
52.73041117383579
52.63658038695925
52.85259773991395
53.06936196137544
52.84319002664173
52.77737931532818
52.89024298201753
53.315301451143306
52.561621400580094
52.984454700667364
53.315301451143306
52.80557315582703
53.16384234551984
53.107137106467555
53.04104960108935
53.230058775303796
53.571714569951524
53.06936196137544
53.26793019313414
53.58123147488272
53.26793019313414
53.29634460854354
53.61930459893568
53.74322640487375
53.33425570587311
53.62883268988261
53.724145814048306
53.3721896243544
53.83871447761129
53.62883268988261
53.7527687663934
53.83871447761129
53.8005021938405
53.97263291365849
54.35680136058182
54.35680136058182
54.001366962220416
54.29902912242889
54.36643089798882
53.67647352012841
54.21246725838116
54.135624731651326
54.395344883162416
54.55940572170224
54.55940572170224
54.35680136058182
54.665781841872814
54.80142175446786
54.135624731651326
54.462846659418034
54.80142175446786
54.501453153369425
54.501453153369425
55.06381182743404
54.849934182005406
54.723880617199555
55.08328587932267
54.879058928593125
54.71419380946858
55.044339217796875
55.33702389567477
54.48214704265396
55.190519592651256
55.52306309632474
54.7917234657388
55.405505560332095
55.503454989828334
55.503454989828334
55.02487250173265
55.49365737287741
55.48384846040468
55.32725079962605
55.57210843064535
55.55248601899284
55.24907980928557
55.55248601899284
55.924522519271875
55.45446006370552
55.71801686786693
55.837569738141696
55.70962789807433
56.02501025783004
56.064538958657586
55.926289799176224
56.015131602846424
56.14165141946015
56.190167172777095
56.193163446971575
55.80607650765406
56.33195688198515
56.212969926954
55.95589505744936
56.15355913989991
56.48959189445307
56.60043450487673
56.13376583915375
56.40146256476611
56.5108297947973
56.2823577544605
56.690170326066095
56.79999807348079
56.76003874557528
56.66024232154325
56.79000594564862
56.37104666445365
56.88998762437972
57.34172042844462
56.65027075581664
56.84998003516463
57.17071698164807
56.76003874557528
57.200868535226455
57.19053758213786
57.110466738548745
56.64030491989885
57.23102436392474
57.3719467007959
57.3719467007959
57.684998602741985
56.66024232154325
57.49296145825365
57.58386020587929
57.23102436392474
57.5131474443336
57.74575489223462
57.94865834638696
57.281320834452416
57.80656411545918
57.97914014229001
57.67488208400528
58.05032634449732
57.73562521694141
57.78628844303896
58.060501800373196
57.98930078182694
57.90802612022203
57.48286850310029
57.938499096315184
57.98930078182694
57.98930078182694
58.07067858489827
58.22350352238652
58.243905911343
57.755886037895316
58.57114250149229
58.243905911343
58.10121342030192
58.42778825546689
58.243905911343
58.325569851845835
58.58138874017511
58.4482451984011
58.78670877905172
58.83812801104832
58.81755857456475
58.796985959608655
58.73531764594305
58.86900445670559
58.72504920662756
59.09580300822487
59.22896128182871
58.694243823397684
59.209464997101726
58.88958872037115
58.971998642445485
59.29224793451391
58.91000385359568
59.41645165804291
59.25084463938198
59.0751503828959
59.14744029134021
59.53961932839358
59.188788677100284
59.271547820943745
59.385487928471655
59.56016529819743
59.21981218305481
59.76597867250952
59.53961932839358
59.312958583600356
59.62185215456059
59.580726303837984
59.56016529819743
59.323311479719884
60.07578281977594
60.127547776764594
59.6835869157642
60.148260416128366
60.06543601328794
59.97237161665603
59.87942118639908
60.36612383863346
59.65270851124953
60.096489794623054
60.51173003065409
60.158623421624455
59.85878459400206
60.220814252822116
60.23105957035007
59.7762830942228
60.60548037407007
60.39730525569983
60.22063599485758
60.72013610207459
60.666610169479654
60.61590326825949
60.69723772982302
61.14878903022306
60.59174143927865
60.760409638761416
61.223039161434556
60.7256592794475
61.001410830251906
61.05308880614426
61.28416367541041
60.345271938609564
61.401931319789924
61.452055499614765
60.32228341071174
61.31654467983888
61.35819530380332
60.83237903695115
61.496576290031165
61.36770278514163
60.83022187737385
61.36766566559282
61.609158211614066
61.186414344971496
60.997488518306945
61.83161295095085
61.430125635159605
61.38000208030437
61.76990263474942
61.20011528174479
61.81134698191731
61.44951319454661
61.84054500804074
61.665749858647885
61.72572390005229
61.821873999600285
61.83493889018922
61.685776400257055
61.74885992793782
62.37747728421004
61.62137126148776
61.602372342797594
62.10804325614463
61.96237183828935
62.311101382969184
62.246163894153675
61.705920113351624
62.50447319145936
62.12923728010823
62.55782530123306
62.268711995141146
62.55597664867861
62.5354418739707
62.2490102660332
62.28719213205678
62.8449305902447
62.15966954777154
62.45801543130926
62.77905776625713
62.0634002218508
62.64052176148743
62.80078837578652
62.49049202368088
62.448987243645696
63.093881678448724
62.98469275972582
62.49342747924952
63.06315329849071
62.84632224922153
62.77335883083992
62.98742426367901
63.332387000777736
62.68729315139677
63.18755186751587
63.29867871410688
63.18004481509426
63.16874034798225
63.49483626939852
63.504230685917214
62.826093234466065
63.54839712716205
63.4578753914153
63.32851440365608
63.42926371242092
63.77746004410935
63.07196419540252
63.49543767970028
63.79837843483693
63.64614471008644
63.56043038383768
63.786476442322304
63.84268701710182
63.59294699262857
63.820908209197626
63.85996376840156
63.560162850187716
64.17868616592781
63.87526327442455
63.89708574654892
63.89669239052984
64.30078328500589
64.4321541963018
63.874001810375255
64.84960931600091
64.89121938637912
65.74672415257254
66.2270582427558
66.73026565475705
67.35016093856517
67.604024459976
68.34774939395727
68.38260829983072
69.10861474568243
69.57555673860328
69.8781623479853
70.3364589052403
70.50837256830584
71.0672659240934
71.61287659711284
72.23619190883403
73.21569707180896
73.09299860013681
73.97830198585217
74.69099411870992
75.28952152814018
75.87081138499248
76.04824124019656
76.88776795127787
77.5361762474488
77.91592499287
77.95639006796031
79.16004331029474
78.9270116911901
78.60981158235138
80.17521070200091
78.63433278328567
79.71794555666533
79.75788279093366
81.96322217192247
79.52237690941007
81.74822375222001
82.36092532894871
82.27872136644187
81.3422965651994
81.1183722457107
80.89364425378835
79.78440198322325
79.09820301725912
78.91674690794054
85.39660391741108
78.78643934740047
81.77316880935557
79.04307371783052
79.61128233489643
78.72375140421744
81.14317864057423
79.52210292951767
80.56451465449108
79.15918980927145
77.78908281685702
77.11394239410788
74.50851608993977
71.76606841103577
65.1010211137813
76.10667746514451
75.74752049960496
73.67213018502235
70.0255383847859
72.42436392682954
68.09113518754059
74.74059856643075
77.39141360080066
66.41379764827619
59.668227689780984
62.79078317737762
54.16245972349871
34.129897611336474
39.77437396919393
51.50786093986897
55.6065345533921
34.256840403601515
34.023343481425975
34.023343481425975
45.03707360449734
34.06992002918822
35.47499897754193
48.370561957356365
34.15660564479691
33.95690845165952
33.712178663071114
33.61344581521037
33.66607826895234
33.92373874480401
34.337248416539886
40.07587032104911
40.652979948927694
34.30372442039259
34.223392635188674
34.176613231415146
33.87073031284103
33.718771912158985
33.78475858545953
33.811190670353064
33.73196076734166
33.712178663071114
33.73196076734166
33.910479499327195
33.92373874480401
33.88397596158972
33.87735044115915
33.903851825021555
33.93037022587421
33.89722394357296
33.903851825021555
33.910479499327195
33.903851825021555
33.91710714661955
33.92373874480401
33.95027201353427
33.94363681487826
33.93037022587421
33.92373874480401
33.9370014987502
33.95690845165952
33.95690845165952
33.95690845165952
33.94363681487826
33.99011050726713
33.94363681487826
33.96354748720947
33.95027201353427
33.96354748720947
33.95027201353427
33.93037022587421
33.9370014987502
33.96354748720947
33.96354748720947
33.96354748720947
33.99675574435175
33.97682783029425
33.97018631439099
33.9370014987502
33.97018631439099
33.9370014987502
33.96354748720947
33.983467869546374
33.94363681487826
33.96354748720947
33.96354748720947
33.96354748720947
33.95027201353427
33.983467869546374
33.99675574435175
33.99675574435175
34.01004577197202
33.99011050726713
33.99011050726713
33.99011050726713
33.99675574435175
33.99011050726713
33.99675574435175
33.99675574435175
34.003400772386115
33.97682783029425
34.04329744959502
33.9901187508722
33.983467869546374
34.01679844287278
34.023343481425975
33.98365164090178
33.983467869546374
34.03187009096807
34.01151462025602
33.99675574435175
34.01669473142885
34.016967246585466
34.01669473142885
34.00471863481811
34.03729680641336
33.9967957922144
34.0499511640931
34.01693261546855
34.01775987321098
34.04331541303451
34.04544595928432
34.00467848741518
34.012410824218186
34.03669060230882
34.016878674398015
34.01669473142885
34.04329744959502
34.03014438175869
34.023343481425975
34.01669473142885
34.04329744959502
34.02999220266645
34.01018127873392
34.04998029207738
34.01669473142885
34.02999220266645
34.023367056581534
34.02339607217905
34.03664624631565
34.01073455048887
34.037181878103816
34.02387202202452
34.01004577197202
34.07658016327921
34.0120885797802
34.04365735518147
34.069980950767935
33.99011186610302
34.051670935560004
34.04329744959502
33.983467869546374
34.02367562053673
34.02999220266645
34.003400772386115
34.03664624631565
33.983467869546374
34.02999220266645
34.044842429194624
33.97018631439099
34.01679844287278
34.003400772386115
33.99675574435175
34.01670996176185
33.971791685695045
33.99675574435175
34.01669473142885
33.95690845165952
33.99675574435175
34.003400772386115
33.99011050726713
34.003400772386115
33.99011050726713
33.99675574435175
33.99675574435175
33.983467869546374
34.004256715855036
34.01669473142885
33.99675574435175
34.01004577197202
33.983467869546374
33.99011050726713
34.003400772386115
33.99675574435175
34.01004577197202
34.023343481425975
34.01004577197202
34.023343481425975
34.023343481425975
34.023343481425975
34.02999220266645
34.02999220266645
34.01004577197202
34.023343481425975
34.02999220266645
34.023343481425975
34.02999220266645
34.02999220266645
TERM
