SR1 TIMP
572.502448
572.359412
572.144873
572.428748
572.001837
572.060706
571.57276
572.216406
572.5722109999999
571.57276
572.001837
572.216406
572.2151859999999
571.787299
572.359412
573.146124
572.645514
573.28916
573.932806
573.503699
573.861304
574.1456049999999
575.363165
574.290411
574.934058
576.292914
575.996619
576.93656
577.197272
577.2117679999999
578.362097
578.5721189999999
578.83457
577.6174679999999
578.938635
581.12345
580.295172
579.838721
581.8576419999999
581.223212
582.421942
583.211859
584.207373
582.5120609999999
585.6400209999999
585.930884
583.996771
587.3712519999999
586.5748349999999
586.788367
588.504828
587.5580199999999
588.9845029999999
589.694678
589.742407
590.05152
591.651678
590.940405
591.840643
591.841864
591.926459
590.5805419999999
593.174536
594.302649
593.119696
594.290839
595.690924
594.5043089999999
595.1308959999999
597.0210629999999
596.390997
595.901587
596.531989
598.7711850000001
596.122809
598.088171
598.001135
599.331244
598.9112299999999
600.311316
599.961279
599.541266
601.151404
601.641425
602.27149
602.2014529999999
604.235083
602.8415279999999
604.231635
604.37168
603.32157
604.161627
604.0916199999999
605.4217289999999
604.231635
605.771765
605.561743
606.541815
607.661932
606.751837
607.591895
609.2020319999999
610.04212
607.3118959999999
611.302191
611.0221919999999
608.8534
611.862799
611.442236
609.972083
610.5321409999999
612.912329
612.6323299999999
612.1422789999999
616.27262
614.102423
612.982336
615.012518
614.17243
613.892401
615.712561
616.692633
613.892401
617.462714
616.9726619999999
615.782568
617.602728
620.1929379999999
615.3625239999999
619.282843
620.1229
617.462714
620.1929379999999
622.22309
621.383032
620.262915
621.0329959999999
619.772894
619.772894
622.9231629999999
621.2430179999999
620.472937
624.0432189999999
621.733069
624.5332699999999
625.58335
622.9231629999999
624.393256
626.1434079999999
626.283392
627.5435239999999
626.213416
627.40351
624.743292
629.71369
628.313574
627.613531
630.553748
627.0534729999999
628.733618
629.71369
631.883887
630.833777
627.5435239999999
633.353979
629.643683
630.903784
632.3039
630.76377
632.863959
634.684088
633.4939939999999
631.393835
635.384131
635.804175
630.343756
635.174139
635.3141539999999
632.3739069999999
634.054053
639.514471
634.474066
636.138007
640.214178
635.7338319999999
636.363867
638.674048
637.9681149999999
636.783911
641.5442869999999
640.6342219999999
636.290381
641.6701109999999
641.5442869999999
640.494208
642.944403
642.0166380000001
641.682928
643.714453
641.5442869999999
644.6945559999999
641.889594
643.364417
643.5744689999999
642.944403
644.83457
644.05036
647.1381899999999
644.624548
647.774786
647.634772
643.854468
646.499335
649.5949459999999
644.624548
650.6450259999999
649.384924
645.88465
649.5949459999999
649.944983
647.9148009999999
647.774786
652.115149
647.284735
651.2050839999999
651.485083
651.275061
653.37525
651.485083
652.395178
649.174902
652.675177
653.305243
651.1350769999999
656.315527
653.935309
653.8652709999999
654.845374
654.1452999999999
655.7554379999999
657.3655759999999
655.685431
655.19541
656.035468
659.1857359999999
653.585272
656.735541
659.1857359999999
655.405402
658.0656489999999
657.6456049999999
657.155585
658.55567
661.0759029999999
657.3655759999999
658.835699
661.145911
658.835699
659.045691
661.4258789999999
662.335974
659.32572
661.495917
662.1959589999999
659.60575
663.036047
661.495917
662.405981
663.036047
662.756018
664.016119
666.8163509999999
666.8163509999999
664.226141
666.396307
666.886328
661.845953
665.766241
665.2062129999999
667.096381
668.286475
668.286475
666.8163509999999
669.056525
670.036597
665.2062129999999
667.586401
670.036597
667.8664309999999
667.8664309999999
671.926764
670.386633
669.4765689999999
672.066748
670.596655
669.406561
671.786749
673.886908
667.726416
672.836829
675.2170169999999
669.966589
674.3769589999999
675.077002
675.077002
671.646735
675.007025
674.9369569999999
673.816931
675.567053
675.4270389999999
673.256842
675.4270389999999
678.074683
674.726965
676.6068789999999
677.45719
676.547156
678.787299
679.067328
678.087225
678.7172909999999
679.613135
679.9562129999999
679.9773929999999
677.233344
680.957465
680.117377
678.297278
679.697363
682.068152
682.8476009999999
679.5573489999999
681.447516
682.217596
680.607458
683.4776979999999
684.247748
683.967719
683.2676449999999
684.17774
681.23313
684.8777829999999
688.028021
683.197638
684.597784
686.837927
683.967719
687.04798
686.976019
686.417914
683.127661
687.257971
688.238074
688.238074
690.4082089999999
683.2676449999999
689.078131
689.708167
687.257971
689.2181149999999
690.8282529999999
692.2284
687.6080079999999
691.248297
692.4383909999999
690.3382320000001
692.9284419999999
690.758246
691.1082819999999
692.99845
692.508368
691.9483399999999
689.008124
692.158392
692.508368
692.508368
693.068457
694.118536
694.2585509999999
690.8982599999999
696.498755
694.2585509999999
693.278448
695.518652
694.2585509999999
694.818579
696.568732
695.658636
697.968848
698.318854
698.17887
698.038824
697.6187809999999
698.528906
697.548804
700.069037
700.971014
697.338812
700.839056
698.6688899999999
699.228918
701.3991149999999
698.807684
702.238196
701.1190859999999
699.928992
700.419012
703.068854
700.699072
701.259131
702.02915
703.207281
700.909094
704.591772
703.068854
701.53913
703.622656
703.3457699999999
703.207281
701.609106
706.668433
707.014563
704.038
707.1529909999999
706.599219
705.976233
705.353217
708.606665
703.830298
706.806921
709.575812
707.222235
705.214789
707.637579
707.705969
704.660986
710.1987979999999
708.8143680000001
707.636389
710.959631
710.6045899999999
710.268011
710.807776
713.793707
710.10755
711.226599
714.282965
710.9962519999999
712.8211429999999
713.16239
714.6853699999999
708.467719
715.459753
715.7889769999999
708.31449
714.898413
715.1723079999999
711.703314
716.0812129999999
715.2348079999999
711.689032
715.234564
716.819434
714.0416929999999
712.795233
718.274878
715.644965
715.3156489999999
717.871558
714.1319639999999
718.142462
715.7722839999999
718.333228
717.1901
717.582617
718.211249
718.296606
717.321204
717.733954
721.8282529999999
716.899451
716.774969
720.0775209999999
719.128394
721.397528
720.975775
717.45304
722.651312
720.2154599999999
722.99668
721.12226
722.984717
722.851813
720.994269
721.242285
724.851111
720.413458
722.350378
724.426245
719.786841
723.531531
724.5664429999999
722.5607669999999
722.291876
726.453528
725.751349
722.5797789999999
726.256018
724.860083
724.389471
725.768927
727.983893
723.833777
727.055121
727.767889
727.006934
726.934363
729.023566
729.083624
724.729651
729.365881
728.787207
727.959082
728.604163
730.8272159999999
726.3126589999999
729.027411
730.9604549999999
729.989996
729.442755
730.88465
731.2425599999999
729.650427
731.103918
731.352515
729.4410459999999
733.3766539999999
731.4498659999999
731.58869
731.586188
734.149908
734.980566
731.44184
737.61106
737.8725039999999
743.217993
746.194708
749.294562
753.087469
754.632666
759.132849
759.34281
763.696295
766.476996
768.271094
770.9764769999999
771.987677
775.261572
778.4379329999999
782.043188
787.659033
786.958838
791.9902099999999
796.006079
799.355322
802.588049
803.5708979999999
808.196997
811.742834
813.808691
814.028357
820.521887
819.2707889999999
817.563147
825.9386959999999
817.695349
823.505469
823.7184199999999
835.350317
822.461462
834.2271479999999
837.421912
836.99436
832.100256
830.923438
829.739844
823.859778
820.190161
819.215613
852.983313
818.514685
834.357581
819.894263
822.936316
818.177161
831.0539309999999
822.4599979999999
828.001746
820.51731
813.119543
809.436499
794.98075
779.3263
739.188666
803.894202
801.9040279999999
790.255591
769.142615
783.126715
757.58457
796.28446
810.953223
747.347266
703.934698
724.501898
665.4018619999999
488.401068
546.11344
645.640173
675.812598
489.79442399999994
487.22768199999996
487.22768199999996
593.555975
487.74101899999994
502.921545
621.13822
488.69463199999996
486.494315
483.78089
482.68085299999996
483.267645
486.12764599999997
490.67445999999995
548.979071
554.410345
490.30779099999995
489.427771
488.914404
485.540961
483.854239
484.587576
484.880942
484.00092199999995
483.78089
484.00092199999995
485.98097799999994
486.12764599999997
485.687643
485.614279
485.907645
486.20097999999996
485.834296
485.907645
485.98097799999994
485.907645
486.054297
486.12764599999997
486.420981
486.34764699999994
486.20097999999996
486.12764599999997
486.274298
486.494315
486.494315
486.494315
486.34764699999994
486.860999
486.34764699999994
486.567664
486.420981
486.567664
486.420981
486.20097999999996
486.274298
486.567664
486.567664
486.567664
486.934348
486.714346
486.64099699999997
486.274298
486.64099699999997
486.274298
486.567664
486.78766499999995
486.34764699999994
486.567664
486.567664
486.567664
486.420981
486.78766499999995
486.934348
486.934348
487.081
486.860999
486.860999
486.860999
486.934348
486.860999
486.934348
486.934348
487.007681
486.714346
487.447684
486.86109
486.78766499999995
487.155493
487.22768199999996
486.78969399999994
486.78766499999995
487.32170699999995
487.097205
486.934348
487.15434899999997
487.15735499999994
487.15434899999997
487.02222299999994
487.381537
486.93478999999996
487.521017
487.156973
487.166098
487.44788199999994
487.471365
487.02178
487.10709199999997
487.37485399999997
487.156378
487.15434899999997
487.447684
487.302679
487.22768199999996
487.15434899999997
487.447684
487.301001
487.082495
487.521338
487.15434899999997
487.301001
487.227942
487.228262
487.374365
487.088599
487.38027
487.23351099999996
487.081
487.81436799999994
487.10353699999996
487.45165099999997
487.74168999999995
486.86101399999995
487.539969
487.447684
486.78766499999995
487.231345
487.301001
487.007681
487.374365
486.78766499999995
487.301001
487.46471299999996
486.64099699999997
487.155493
487.007681
486.934348
487.15451699999994
486.658728
486.934348
487.15434899999997
486.494315
486.934348
487.007681
486.860999
487.007681
486.860999
486.934348
486.934348
486.78766499999995
487.01712599999996
487.15434899999997
486.934348
487.081
486.78766499999995
486.860999
487.007681
486.934348
487.081
487.22768199999996
487.081
487.22768199999996
487.22768199999996
487.22768199999996
487.301001
487.301001
487.081
487.22768199999996
487.301001
487.22768199999996
487.301001
487.301001
TERM
