SR1 q_m_liq
1.0	0.0
3.0	0.0
5.0	0.0
7.0	0.0
9.0	0.0
11.0	0.0
13.0	0.0
15.0	0.0
17.0	0.0
19.0	0.0
21.0	0.0
23.0	0.0
25.0	0.0
27.0	0.0
29.0	0.0
31.0	0.0
33.0	0.0
35.0	0.0
37.0	0.0
39.0	0.0
41.0	0.0
43.0	0.0
45.0	0.0
47.0	0.0
49.0	0.0
51.0	0.0
53.0	0.0
55.0	0.0
57.0	0.0
59.0	0.0
61.0	0.0
63.0	0.0
65.0	0.0
67.0	0.0
69.0	0.0
71.0	0.0
73.0	0.0
75.0	0.0
77.0	0.0
79.0	0.0
81.0	0.0
83.0	0.0
85.0	0.0
87.0	0.0
89.0	0.0
91.0	0.0
93.0	0.0
95.0	0.0
97.0	0.0
99.0	0.0
101.0	0.0
103.0	0.0
105.0	0.0
107.0	0.0
109.0	0.0
111.0	0.0
113.0	0.0
115.0	0.0
117.0	0.0
119.0	0.0
121.0	0.0
123.0	0.0
125.0	0.0
127.0	0.0
129.0	0.0
131.0	0.0
133.0	0.0
135.0	0.0
137.0	0.0
139.0	0.0
141.0	0.0
143.0	0.0
145.0	0.0
147.0	0.0
149.0	0.0
151.0	0.0
153.0	0.0
155.0	0.0
157.0	0.0
159.0	0.0
161.0	0.0
163.0	0.0
165.0	0.0
167.0	0.0
169.0	0.0
171.0	0.0
173.0	0.0
175.0	0.0
177.0	0.0
179.0	0.0
181.0	0.0
183.0	0.0
185.0	0.0
187.0	0.0
189.0	0.0
191.0	0.0
193.0	0.0
195.0	0.0
197.0	0.0
199.0	0.0
201.0	0.0
203.0	0.0
205.0	0.0
207.0	0.0
209.0	0.0
211.0	0.0
213.0	0.0
215.0	0.0
217.0	0.0
219.0	0.0
221.0	0.0
223.0	0.0
225.0	0.0
227.0	0.0
229.0	0.0
231.0	0.0
233.0	0.0
235.0	0.0
237.0	0.0
239.0	0.0
241.0	0.0
243.0	0.0
245.0	0.0
247.0	0.0
249.0	0.0
251.0	0.0
253.0	0.0
255.0	0.0
257.0	0.0
259.0	0.0
261.0	0.0
263.0	0.0
265.0	0.0
267.0	0.0
269.0	0.0
271.0	0.0
273.0	0.0
275.0	0.0
277.0	0.0
279.0	0.0
281.0	0.0
283.0	0.0
285.0	0.0
287.0	0.0
289.0	0.0
291.0	0.0
293.0	0.0
295.0	0.0
297.0	0.0
299.0	0.0
301.0	0.0
303.0	0.0
305.0	0.0
307.0	0.0
309.0	0.0
311.0	0.0
313.0	0.0
315.0	0.0
317.0	0.0
319.0	0.0
321.0	0.0
323.0	0.0
325.0	0.0
327.0	0.0
329.0	0.0
331.0	0.0
333.0	0.0
335.0	0.0
337.0	0.0
339.0	0.0
341.0	0.0
343.0	0.0
345.0	0.0
347.0	0.0
349.0	0.0
351.0	0.0
353.0	0.0
355.0	0.0
357.0	0.0
359.0	0.0
361.0	0.0
363.0	0.0
365.0	0.0
367.0	0.0
369.0	0.0
371.0	0.0
373.0	0.0
375.0	0.0
377.0	0.0
379.0	0.0
381.0	0.0
383.0	0.0
385.0	0.0
387.0	0.0
389.0	0.0
391.0	0.0
393.0	0.0
395.0	0.0
397.0	0.0
399.0	0.0
401.0	0.0
403.0	0.0
405.0	0.0
407.0	0.0
409.0	0.0
411.0	0.0
413.0	0.0
415.0	0.0
417.0	0.0
419.0	0.0
421.0	0.0
423.0	0.0
425.0	0.0
427.0	0.0
429.0	0.0
431.0	0.0
433.0	0.0
435.0	0.0
437.0	0.0
439.0	0.0
441.0	0.0
443.0	0.0
445.0	0.0
447.0	0.0
449.0	0.0
451.0	0.0
453.0	0.0
455.0	0.0
457.0	0.0
459.0	0.0
461.0	0.0
463.0	0.0
465.0	0.0
467.0	0.0
469.0	0.0
471.0	0.0
473.0	0.0
475.0	0.0
477.0	0.0
479.0	0.0
481.0	0.0
483.0	0.0
485.0	0.0
487.0	0.0
489.0	0.0
491.0	0.0
493.0	0.0
495.0	0.0
497.0	0.0
499.0	0.0
501.0	0.0
503.0	0.0
505.0	0.0
507.0	0.0
509.0	0.0
511.0	0.0
513.0	0.0
515.0	0.0
517.0	0.0
519.0	0.0
521.0	0.0
523.0	0.0
525.0	0.0
527.0	0.0
529.0	0.0
531.0	0.0
533.0	0.0
535.0	0.0
537.0	0.0
539.0	0.0
541.0	0.0
543.0	0.0
545.0	0.0
547.0	0.0
549.0	0.0
551.0	0.0
553.0	0.0
555.0	0.0
557.0	0.0
559.0	0.0
561.0	0.0
563.0	0.0
565.0	0.0
567.0	0.0
569.0	0.0
571.0	0.0
573.0	0.0
575.0	0.0
577.0	0.0
579.0	0.0
581.0	0.0
583.0	0.0
585.0	0.0
587.0	0.0
589.0	0.0
591.0	0.0
593.0	0.0
595.0	0.0
597.0	0.0
599.0	0.0
601.0	0.0
603.0	0.0
605.0	0.0
607.0	0.0
609.0	0.0
611.0	0.0
613.0	0.0
615.0	0.0
617.0	0.0
619.0	0.0
621.0	0.0
623.0	0.0
625.0	0.0
627.0	0.0
629.0	0.0
631.0	0.0
633.0	0.0
635.0	0.0
637.0	0.0
639.0	0.0
641.0	0.0
643.0	0.0
645.0	0.0
647.0	0.0
649.0	0.0
651.0	0.0
653.0	0.0
655.0	0.0
657.0	0.0
659.0	0.0
661.0	0.0
663.0	0.0
665.0	0.0
667.0	0.0
669.0	0.0
671.0	0.0
673.0	0.0
675.0	0.0
677.0	0.0
679.0	0.0
681.0	0.0
683.0	0.0
685.0	0.0
687.0	0.0
689.0	0.0
691.0	0.0
693.0	0.0
695.0	0.0
697.0	0.0
699.0	0.0
701.0	0.0
703.0	0.0
705.0	0.0
707.0	0.0
709.0	0.0
711.0	0.0
713.0	0.0
715.0	0.0
717.0	0.0
719.0	0.0
721.0	0.0
723.0	0.0
725.0	0.0
727.0	0.0
729.0	0.0
731.0	0.0
733.0	0.0
735.0	0.0
737.0	0.0
739.0	0.0
741.0	0.0
743.0	0.0
745.0	0.0
747.0	0.0
749.0	0.0
751.0	0.0
753.0	0.0
755.0	0.0
757.0	0.0
759.0	0.0
761.0	0.0
763.0	0.0
765.0	0.0
767.0	0.0
769.0	0.0
771.0	0.0
773.0	0.0
775.0	0.0
777.0	0.0
779.0	0.0
781.0	0.0
783.0	0.0
785.0	0.0
787.0	0.0
789.0	0.0
791.0	0.0
793.0	0.0
795.0	0.0
797.0	0.0
799.0	0.0
801.0	0.0
803.0	0.0
805.0	0.0
807.0	0.0
809.0	0.0
811.0	0.0
813.0	0.0
815.0	0.0
817.0	0.0
819.0	0.0
821.0	0.0
823.0	0.0
825.0	0.0
827.0	0.0
829.0	0.0
831.0	0.0
833.0	0.0
835.0	0.0
837.0	0.0
839.0	0.0
841.0	0.0
843.0	0.0
845.0	0.0
847.0	0.0
849.0	0.0
851.0	0.0
853.0	0.0
855.0	0.0
857.0	0.0
859.0	0.0
861.0	0.0
863.0	0.0
865.0	0.0
867.0	0.0
869.0	0.0
871.0	0.0
873.0	0.0
875.0	0.0
877.0	0.0
879.0	0.0
881.0	0.0
883.0	0.0
885.0	0.0
887.0	0.0
889.0	0.0
891.0	0.0
893.0	0.0
895.0	0.0
897.0	0.0
899.0	0.0
901.0	0.0
903.0	0.0
905.0	0.0
907.0	0.0
909.0	0.0
911.0	0.0
913.0	0.0
915.0	0.0
917.0	0.0
919.0	0.0
921.0	0.0
923.0	0.0
925.0	0.0
927.0	0.0
929.0	0.0
931.0	0.0
933.0	0.0
935.0	0.0
937.0	0.0
939.0	0.2716266
941.0	0.2704698
943.0	0.2650644
945.0	0.2643959
947.0	0.2635461
949.0	0.2624399
951.0	0.2642403
953.0	0.2727899
955.0	0.2753422
957.0	0.2743254
959.0	0.2769075
961.0	0.2762151
963.0	0.2696531
965.0	0.2651556
967.0	0.2624506
969.0	0.261476
971.0	0.2620935
973.0	0.265971
975.0	0.2699753
977.0	0.2706715
979.0	0.2700582
981.0	0.269591
983.0	0.2695472
985.0	0.2707285
987.0	0.2707073
989.0	0.2707081
991.0	0.2711167
993.0	0.2691415
995.0	0.2710993
997.0	0.2695595
999.0	0.2706735
1001.0	0.2685948
1003.0	0.2685369
1005.0	0.2702415
1007.0	0.2693724
1009.0	0.26836
1011.0	0.2669767
1013.0	0.270401
1015.0	0.2697308
1017.0	0.2652363
1019.0	0.2626879
1021.0	0.2628731
1023.0	0.2646745
1025.0	0.2648307
1027.0	0.2688271
1029.0	0.268856
1031.0	0.2767691
1033.0	0.2750644
1035.0	0.2772791
1037.0	0.2695795
1039.0	0.269679
1041.0	0.2683367
1043.0	0.2678023
1045.0	0.2678674
1047.0	0.2680448
1049.0	0.2684436
1051.0	0.2688205
1053.0	0.2678875
1055.0	0.2675374
1057.0	0.2680278
1059.0	0.2690638
1061.0	0.2666634
1063.0	0.2648812
1065.0	0.2679733
1067.0	0.2696112
1069.0	0.2685597
1071.0	0.2675711
1073.0	0.2688895
1075.0	0.2688332
1077.0	0.267601
1079.0	0.2763201
1081.0	0.2773845
1083.0	0.275361
1085.0	0.2757845
1087.0	0.2738242
1089.0	0.2683949
1091.0	0.2663138
1093.0	0.2679595
1095.0	0.2683602
1097.0	0.2696641
1099.0	0.2692203
1101.0	0.2685815
1103.0	0.2702778
1105.0	0.2702206
1107.0	0.2692597
1109.0	0.2691275
1111.0	0.2686074
1113.0	0.2696786
1115.0	0.2697044
1117.0	0.2691981
1119.0	0.268046
1121.0	0.269693
1123.0	0.2703755
1125.0	0.2699289
1127.0	0.2706125
1129.0	0.2714688
1131.0	0.2708469
1133.0	0.27003
1135.0	0.2705404
1137.0	0.270145
1139.0	0.2713482
1141.0	0.2687453
1143.0	0.2699709
1145.0	0.2718216
1147.0	0.2699462
1149.0	0.270679
1151.0	0.269488
1153.0	0.2707838
1155.0	0.2716541
1157.0	0.2709402
1159.0	0.2703487
1161.0	0.2638721
1163.0	0.2646595
1165.0	0.2648426
1167.0	0.2649984
1169.0	0.2661002
1171.0	0.2719165
1173.0	0.2705656
1175.0	0.2721
1177.0	0.271794
1179.0	0.2719598
1181.0	0.271108
1183.0	0.2732429
1185.0	0.2716028
1187.0	0.266679
1189.0	0.2642343
1191.0	0.2654899
1193.0	0.2661191
1195.0	0.2668583
1197.0	0.266587
1199.0	0.2654756
1201.0	0.2663668
1203.0	0.2702891
1205.0	0.2714745
1207.0	0.2710321
1209.0	0.2726196
1211.0	0.2723545
1213.0	0.2712909
1215.0	0.2714674
1217.0	0.2663488
1219.0	0.2663282
1221.0	0.266936
1223.0	0.2671978
1225.0	0.2666758
1227.0	0.265924
1229.0	0.2673434
1231.0	0.2655585
1233.0	0.2657441
1235.0	0.2673695
1237.0	0.2665724
1239.0	0.2700325
1241.0	0.2707382
1243.0	0.27173
1245.0	0.2728167
1247.0	0.2731958
1249.0	0.2710003
1251.0	0.2724918
1253.0	0.2727816
1255.0	0.2733222
1257.0	0.2706773
1259.0	0.2666246
1261.0	0.2663591
1263.0	0.2671715
1265.0	0.2669392
1267.0	0.2659397
1269.0	0.2659941
1271.0	0.2654177
1273.0	0.2644951
1275.0	0.2657102
1277.0	0.2709195
1279.0	0.2726837
1281.0	0.272473
1283.0	0.2723534
1285.0	0.27112
1287.0	0.2702645
1289.0	0.2713047
1291.0	0.2723331
1293.0	0.2684391
1295.0	0.2676124
1297.0	0.2636511
1299.0	0.2639965
1301.0	0.2616135
1303.0	0.2639388
1305.0	0.2650371
1307.0	0.2623583
1309.0	0.2705955
1311.0	0.2697218
1313.0	0.2694258
1315.0	0.2679851
1317.0	0.2665568
1319.0	0.2674997
1321.0	0.2686037
1323.0	0.2689798
1325.0	0.2685986
1327.0	0.2681883
1329.0	0.2692799
1331.0	0.2694374
1333.0	0.2687245
1335.0	0.2689599
1337.0	0.2677799
1339.0	0.2691832
1341.0	0.2694011
1343.0	0.2683132
1345.0	0.2684421
1347.0	0.2693966
1349.0	0.2771607
1351.0	0.2765136
1353.0	0.2760602
1355.0	0.2741645
1357.0	0.269872
1359.0	0.2685178
1361.0	0.2708605
1363.0	0.2692405
1365.0	0.2688566
1367.0	0.263369
1369.0	0.2662516
1371.0	0.2656563
1373.0	0.265961
1375.0	0.2652181
1377.0	0.2647495
1379.0	0.2722155
1381.0	0.2720302
1383.0	0.270925
1385.0	0.2726532
1387.0	0.2725872
1389.0	0.2723204
1391.0	0.2719372
1393.0	0.26875
1395.0	0.2648607
1397.0	0.266924
1399.0	0.2674142
1401.0	0.2665205
1403.0	0.2643248
1405.0	0.2662247
1407.0	0.2716992
1409.0	0.2719088
1411.0	0.2731495
1413.0	0.2740606
1415.0	0.2729976
1417.0	0.2726097
1419.0	0.2730382
1421.0	0.2726391
1423.0	0.2675691
1425.0	0.2667085
1427.0	0.267773
1429.0	0.2700767
1431.0	0.2692504
1433.0	0.2680127
1435.0	0.2694235
1437.0	0.2693749
1439.0	0.2693749
1441.0	0.2706902
1443.0	0.27424
1445.0	0.2733422
1447.0	0.2732315
1449.0	0.2745832
1451.0	0.2749282
1453.0	0.2730695
1455.0	0.2656555
1457.0	0.2661584
1459.0	0.2666263
1461.0	0.2664547
1463.0	0.2662659
1465.0	0.2655891
1467.0	0.2653677
1469.0	0.2655608
1471.0	0.2672072
1473.0	0.2695993
1475.0	0.2705417
1477.0	0.269547
1479.0	0.2701228
1481.0	0.2709564
1483.0	0.2713295
1485.0	0.2695166
1487.0	0.2686781
1489.0	0.2694937
1491.0	0.2688231
TERM
