SR1 POWE
1.0	4010.0
3.0	4019.9999999999995
5.0	4030.0000000000005
7.0	4030.0000000000005
9.0	4019.9999999999995
11.0	4019.9999999999995
13.0	4010.0
15.0	4010.0
17.0	4010.0
19.0	4030.0000000000005
21.0	4030.0000000000005
23.0	4050.0
25.0	4030.0000000000005
27.0	4030.0000000000005
29.0	4019.9999999999995
31.0	4030.0000000000005
33.0	4019.9999999999995
35.0	4000.0
37.0	4030.0000000000005
39.0	4030.0000000000005
41.0	4040.0
43.0	4030.0000000000005
45.0	4019.9999999999995
47.0	4030.0000000000005
49.0	4030.0000000000005
51.0	4019.9999999999995
53.0	4019.9999999999995
55.0	4000.0
57.0	4040.0
59.0	4030.0000000000005
61.0	4019.9999999999995
63.0	4030.0000000000005
65.0	4019.9999999999995
67.0	4019.9999999999995
69.0	4019.9999999999995
71.0	4030.0000000000005
73.0	4050.0
75.0	4010.0
77.0	4040.0
79.0	4019.9999999999995
81.0	4030.0000000000005
83.0	4030.0000000000005
85.0	4010.0
87.0	4019.9999999999995
89.0	4000.0
91.0	4019.9999999999995
93.0	4019.9999999999995
95.0	4040.0
97.0	4030.0000000000005
99.0	4030.0000000000005
101.0	4040.0
103.0	4030.0000000000005
105.0	4130.0
107.0	5960.0
109.0	18200.0
111.0	18260.0
113.0	19040.0
115.0	19030.0
117.0	19020.0
119.0	19050.0
121.0	19070.0
123.0	19070.0
125.0	19080.0
127.0	19050.0
129.0	19060.0
131.0	19050.0
133.0	19110.0
135.0	19120.0
137.0	19130.0
139.0	19100.0
141.0	19100.0
143.0	19090.0
145.0	19090.0
147.0	19120.0
149.0	19110.0
151.0	19110.0
153.0	19140.0
155.0	19160.0
157.0	19120.0
159.0	19150.0
161.0	19130.0
163.0	19150.0
165.0	19160.0
167.0	19190.0
169.0	19170.0
171.0	19160.0
173.0	19170.0
175.0	19160.0
177.0	19140.0
179.0	19200.0
181.0	19180.0
183.0	19140.0
185.0	19180.0
187.0	19190.0
189.0	19210.0
191.0	19160.0
193.0	19190.0
195.0	19170.0
197.0	19150.0
199.0	19160.0
201.0	19170.0
203.0	19140.0
205.0	19130.0
207.0	19180.0
209.0	19150.0
211.0	19160.0
213.0	19170.0
215.0	19190.0
217.0	19180.0
219.0	19230.0
221.0	19240.0
223.0	19190.0
225.0	19220.0
227.0	19250.0
229.0	19190.0
231.0	19200.0
233.0	19190.0
235.0	19210.0
237.0	19180.0
239.0	19160.0
241.0	19180.0
243.0	19200.0
245.0	19230.0
247.0	19240.0
249.0	19220.0
251.0	19200.0
253.0	19210.0
255.0	19220.0
257.0	19230.0
259.0	19260.0
261.0	19240.0
263.0	19240.0
265.0	19220.0
267.0	19250.0
269.0	19230.0
271.0	19190.0
273.0	19240.0
275.0	19170.0
277.0	19210.0
279.0	19260.0
281.0	19260.0
283.0	19260.0
285.0	19250.0
287.0	19190.0
289.0	19200.0
291.0	19270.0
293.0	19280.0
295.0	19250.0
297.0	19220.0
299.0	19230.0
301.0	19250.0
303.0	19270.0
305.0	19250.0
307.0	19240.0
309.0	19250.0
311.0	19230.0
313.0	19260.0
315.0	19260.0
317.0	19290.0
319.0	19220.0
321.0	19210.0
323.0	19270.0
325.0	19290.0
327.0	19230.0
329.0	19240.0
331.0	19260.0
333.0	19280.0
335.0	19260.0
337.0	19280.0
339.0	19260.0
341.0	19260.0
343.0	19250.0
345.0	19300.0
347.0	19300.0
349.0	19250.0
351.0	19250.0
353.0	19270.0
355.0	19310.0
357.0	19280.0
359.0	19280.0
361.0	19270.0
363.0	19270.0
365.0	19280.0
367.0	19310.0
369.0	19300.0
371.0	19310.0
373.0	19300.0
375.0	19300.0
377.0	19310.0
379.0	19270.0
381.0	19310.0
383.0	19260.0
385.0	19270.0
387.0	19270.0
389.0	19290.0
391.0	19290.0
393.0	19320.0
395.0	19310.0
397.0	19330.0
399.0	19300.0
401.0	19300.0
403.0	19260.0
405.0	19320.0
407.0	19270.0
409.0	19270.0
411.0	19280.0
413.0	19300.0
415.0	19320.0
417.0	19340.0
419.0	19310.0
421.0	19350.0
423.0	19320.0
425.0	19340.0
427.0	19290.0
429.0	19300.0
431.0	19310.0
433.0	19300.0
435.0	19350.0
437.0	19340.0
439.0	19350.0
441.0	19320.0
443.0	19350.0
445.0	19320.0
447.0	19320.0
449.0	19350.0
451.0	19340.0
453.0	19330.0
455.0	19350.0
457.0	19340.0
459.0	19300.0
461.0	19310.0
463.0	19320.0
465.0	19330.0
467.0	19350.0
469.0	19320.0
471.0	19330.0
473.0	19350.0
475.0	19350.0
477.0	19330.0
479.0	19330.0
481.0	19340.0
483.0	19350.0
485.0	19370.0
487.0	19350.0
489.0	19300.0
491.0	19350.0
493.0	19340.0
495.0	19330.0
497.0	19370.0
499.0	19330.0
501.0	19380.0
503.0	19340.0
505.0	19340.0
507.0	19310.0
509.0	19350.0
511.0	19340.0
513.0	19360.0
515.0	19360.0
517.0	19370.0
519.0	19370.0
521.0	19360.0
523.0	19370.0
525.0	19350.0
527.0	19310.0
529.0	19320.0
531.0	19350.0
533.0	19380.0
535.0	19380.0
537.0	19320.0
539.0	19330.0
541.0	19360.0
543.0	19350.0
545.0	19330.0
547.0	19340.0
549.0	19340.0
551.0	19390.0
553.0	19380.0
555.0	19350.0
557.0	19320.0
559.0	19340.0
561.0	19360.0
563.0	19360.0
565.0	19400.0
567.0	19370.0
569.0	19360.0
571.0	19360.0
573.0	19370.0
575.0	19360.0
577.0	19350.0
579.0	19360.0
581.0	19340.0
583.0	19340.0
585.0	19330.0
587.0	19340.0
589.0	19370.0
591.0	19390.0
593.0	19360.0
595.0	19340.0
597.0	19340.0
599.0	19330.0
601.0	19360.0
603.0	19390.0
605.0	19350.0
607.0	19370.0
609.0	19380.0
611.0	19380.0
613.0	19360.0
615.0	19350.0
617.0	19370.0
619.0	19370.0
621.0	19380.0
623.0	19380.0
625.0	19350.0
627.0	19360.0
629.0	19350.0
631.0	19370.0
633.0	19360.0
635.0	19320.0
637.0	19340.0
639.0	19330.0
641.0	19350.0
643.0	19360.0
645.0	19360.0
647.0	19350.0
649.0	19310.0
651.0	19340.0
653.0	19330.0
655.0	19380.0
657.0	19360.0
659.0	19350.0
661.0	19310.0
663.0	19350.0
665.0	19370.0
667.0	19340.0
669.0	19350.0
671.0	19350.0
673.0	19340.0
675.0	19310.0
677.0	19320.0
679.0	19320.0
681.0	19340.0
683.0	19360.0
685.0	19330.0
687.0	19330.0
689.0	19320.0
691.0	19300.0
693.0	19350.0
695.0	19360.0
697.0	19330.0
699.0	19330.0
701.0	19350.0
703.0	19340.0
705.0	19340.0
707.0	19310.0
709.0	19350.0
711.0	19360.0
713.0	19340.0
715.0	19290.0
717.0	19320.0
719.0	19330.0
721.0	19360.0
723.0	19310.0
725.0	19350.0
727.0	19350.0
729.0	19340.0
731.0	19320.0
733.0	19330.0
735.0	19370.0
737.0	19360.0
739.0	19290.0
741.0	19290.0
743.0	19320.0
745.0	19310.0
747.0	19330.0
749.0	19340.0
751.0	19320.0
753.0	19300.0
755.0	19300.0
757.0	19310.0
759.0	19310.0
761.0	19320.0
763.0	19290.0
765.0	19340.0
767.0	19320.0
769.0	19330.0
771.0	19330.0
773.0	19300.0
775.0	19260.0
777.0	19310.0
779.0	19290.0
781.0	19300.0
783.0	19290.0
785.0	19310.0
787.0	19300.0
789.0	19290.0
791.0	19330.0
793.0	19320.0
795.0	19310.0
797.0	19310.0
799.0	19330.0
801.0	19320.0
803.0	19320.0
805.0	19300.0
807.0	19290.0
809.0	19270.0
811.0	19300.0
813.0	19300.0
815.0	19280.0
817.0	19300.0
819.0	19300.0
821.0	19340.0
823.0	19310.0
825.0	19300.0
827.0	19270.0
829.0	19280.0
831.0	19310.0
833.0	19290.0
835.0	19290.0
837.0	19280.0
839.0	19290.0
841.0	19290.0
843.0	19320.0
845.0	19300.0
847.0	19300.0
849.0	19280.0
851.0	19310.0
853.0	19270.0
855.0	19290.0
857.0	19280.0
859.0	19270.0
861.0	19290.0
863.0	19290.0
865.0	19300.0
867.0	19290.0
869.0	19320.0
871.0	19280.0
873.0	19260.0
875.0	19280.0
877.0	19270.0
879.0	19270.0
881.0	19300.0
883.0	19260.0
885.0	19280.0
887.0	19250.0
889.0	19270.0
891.0	19300.0
893.0	19310.0
895.0	19280.0
897.0	19250.0
899.0	19260.0
901.0	19280.0
903.0	19310.0
905.0	19310.0
907.0	19270.0
909.0	19250.0
911.0	19260.0
913.0	19290.0
915.0	19310.0
917.0	19260.0
919.0	19270.0
921.0	19260.0
923.0	19240.0
925.0	19260.0
927.0	19280.0
929.0	19250.0
931.0	19250.0
933.0	19250.0
935.0	19260.0
937.0	19240.0
939.0	19240.0
941.0	19240.0
943.0	19230.0
945.0	19270.0
947.0	19250.0
949.0	19250.0
951.0	19280.0
953.0	19250.0
955.0	19280.0
957.0	19240.0
959.0	19230.0
961.0	19250.0
963.0	19270.0
965.0	19220.0
967.0	19280.0
969.0	19250.0
971.0	19250.0
973.0	19240.0
975.0	19210.0
977.0	19220.0
979.0	19210.0
981.0	19220.0
983.0	19250.0
985.0	19260.0
987.0	19220.0
989.0	19280.0
991.0	19220.0
993.0	19200.0
995.0	19220.0
997.0	19260.0
999.0	19240.0
1001.0	19240.0
1003.0	19240.0
1005.0	19220.0
1007.0	19220.0
1009.0	19240.0
1011.0	19260.0
1013.0	19230.0
1015.0	19210.0
1017.0	19220.0
1019.0	19240.0
1021.0	19230.0
1023.0	19220.0
1025.0	19210.0
1027.0	19200.0
1029.0	19240.0
1031.0	19220.0
1033.0	19210.0
1035.0	19180.0
1037.0	19230.0
1039.0	19230.0
1041.0	19220.0
1043.0	19200.0
1045.0	19220.0
1047.0	19240.0
1049.0	19200.0
1051.0	19200.0
1053.0	19220.0
1055.0	19200.0
1057.0	19160.0
1059.0	19200.0
1061.0	19200.0
1063.0	19180.0
1065.0	19200.0
1067.0	19210.0
1069.0	19200.0
1071.0	19190.0
1073.0	19230.0
1075.0	19230.0
1077.0	19200.0
1079.0	19190.0
1081.0	19250.0
1083.0	19170.0
1085.0	19200.0
1087.0	19230.0
1089.0	19210.0
1091.0	19190.0
1093.0	19220.0
1095.0	19230.0
1097.0	19230.0
1099.0	19180.0
1101.0	19190.0
1103.0	19220.0
1105.0	19210.0
1107.0	19210.0
1109.0	19150.0
1111.0	19190.0
1113.0	19230.0
1115.0	19220.0
1117.0	19170.0
1119.0	19140.0
1121.0	19170.0
1123.0	19210.0
1125.0	19130.0
1127.0	19170.0
1129.0	19200.0
1131.0	19170.0
1133.0	19160.0
1135.0	19210.0
1137.0	19200.0
1139.0	19160.0
1141.0	19190.0
1143.0	19200.0
1145.0	19160.0
1147.0	19170.0
1149.0	19220.0
1151.0	19160.0
1153.0	19160.0
1155.0	19170.0
1157.0	19200.0
1159.0	19130.0
1161.0	19210.0
1163.0	19170.0
1165.0	19140.0
1167.0	19150.0
1169.0	19210.0
1171.0	19190.0
1173.0	19160.0
1175.0	19170.0
1177.0	19210.0
1179.0	19150.0
1181.0	19180.0
1183.0	19190.0
1185.0	19180.0
1187.0	19150.0
1189.0	19170.0
1191.0	19180.0
1193.0	19170.0
1195.0	19160.0
1197.0	19180.0
1199.0	19200.0
1201.0	19190.0
1203.0	19130.0
1205.0	19170.0
1207.0	19200.0
1209.0	19170.0
1211.0	19160.0
1213.0	19190.0
1215.0	19170.0
1217.0	19160.0
1219.0	19160.0
1221.0	19170.0
1223.0	19180.0
1225.0	19140.0
1227.0	19120.0
1229.0	19140.0
1231.0	19160.0
1233.0	19160.0
1235.0	19130.0
1237.0	19120.0
1239.0	19180.0
1241.0	19140.0
1243.0	19140.0
1245.0	19150.0
1247.0	19150.0
1249.0	19140.0
1251.0	19150.0
1253.0	19160.0
1255.0	19150.0
1257.0	19130.0
1259.0	19130.0
1261.0	19140.0
1263.0	19160.0
1265.0	19140.0
1267.0	19140.0
1269.0	19130.0
1271.0	19130.0
1273.0	19170.0
1275.0	19150.0
1277.0	19110.0
1279.0	19130.0
1281.0	19140.0
1283.0	19140.0
1285.0	19170.0
1287.0	19130.0
1289.0	19130.0
1291.0	19130.0
1293.0	19120.0
1295.0	19110.0
1297.0	19150.0
1299.0	19140.0
1301.0	19150.0
1303.0	19140.0
1305.0	19160.0
1307.0	19130.0
1309.0	19120.0
1311.0	19100.0
1313.0	19120.0
1315.0	19120.0
1317.0	19100.0
1319.0	19160.0
1321.0	19130.0
1323.0	19140.0
1325.0	19140.0
1327.0	19100.0
1329.0	19080.0
1331.0	19130.0
1333.0	19130.0
1335.0	19100.0
1337.0	19130.0
1339.0	19120.0
1341.0	19090.0
1343.0	19110.0
1345.0	19100.0
1347.0	19120.0
1349.0	19120.0
1351.0	19080.0
1353.0	19120.0
1355.0	19150.0
1357.0	19080.0
1359.0	19100.0
1361.0	19150.0
1363.0	19150.0
1365.0	19120.0
1367.0	19110.0
1369.0	19110.0
1371.0	19130.0
1373.0	19060.0
1375.0	19090.0
1377.0	19120.0
1379.0	19120.0
1381.0	19090.0
1383.0	19100.0
1385.0	19120.0
1387.0	19150.0
1389.0	19100.0
1391.0	19090.0
1393.0	19120.0
1395.0	19140.0
1397.0	19140.0
1399.0	19120.0
1401.0	19080.0
1403.0	19070.0
1405.0	19100.0
1407.0	19080.0
1409.0	19110.0
1411.0	19130.0
1413.0	19150.0
1415.0	19130.0
1417.0	19120.0
1419.0	19130.0
1421.0	19120.0
1423.0	19100.0
1425.0	19080.0
1427.0	19100.0
1429.0	19090.0
1431.0	19090.0
1433.0	19090.0
1435.0	19090.0
1437.0	19120.0
1439.0	19110.0
1441.0	19130.0
1443.0	19150.0
1445.0	19120.0
1447.0	18920.0
1449.0	15450.0
1451.0	3680.0
1453.0	0.0
1455.0	0.0
1457.0	0.0
1459.0	0.0
1461.0	0.0
1463.0	0.0
1465.0	0.0
1467.0	0.0
1469.0	0.0
1471.0	0.0
1473.0	0.0
1475.0	0.0
1477.0	0.0
1479.0	0.0
1481.0	0.0
1483.0	0.0
1485.0	0.0
1487.0	0.0
1489.0	0.0
1491.0	0.0
TERM
