SR1 POWE
1.0	0.011782608695652173
3.0	0.01278913043478261
5.0	0.012878260869565216
7.0	0.012545652173913043
9.0	0.011902173913043478
11.0	0.011482608695652175
13.0	0.011339130434782607
15.0	0.011504347826086957
17.0	0.011530434782608696
19.0	0.01188913043478261
21.0	0.012750000000000001
23.0	0.01206521739130435
25.0	0.012626086956521738
27.0	0.01291304347826087
29.0	0.011884782608695651
31.0	80.25432826086957
33.0	82.59267173913044
35.0	83.3043195652174
37.0	83.69481304347826
39.0	84.36069130434782
41.0	84.70545217391305
43.0	85.49463695652173
45.0	85.89143913043479
47.0	85.5824695652174
49.0	86.27169565217392
51.0	86.32401739130434
53.0	86.42937391304348
55.0	86.60171739130435
57.0	86.56520652173914
59.0	86.64883043478261
61.0	86.65273260869564
63.0	86.65494565217391
65.0	86.77867173913044
67.0	86.55595000000001
69.0	86.86211739130434
71.0	86.65675217391305
73.0	86.86899565217391
75.0	86.81594782608695
77.0	86.92041739130435
79.0	86.7052847826087
81.0	86.83848695652173
83.0	86.9189152173913
85.0	86.958
87.0	86.74742173913043
89.0	86.96900869565216
91.0	86.70363913043478
93.0	86.86073695652173
95.0	86.84523043478261
97.0	87.01817173913044
99.0	86.92689565217391
101.0	0.23329565217391304
103.0	0.001456521739130435
105.0	0.006282608695652173
107.0	0.007752173913043478
109.0	0.009608695652173913
111.0	0.010043478260869565
113.0	0.00986304347826087
115.0	0.009689130434782608
117.0	0.009069565217391305
119.0	0.01116086956521739
121.0	0.01125217391304348
123.0	0.00988695652173913
125.0	0.010358695652173913
127.0	0.010132608695652174
129.0	0.010073913043478261
131.0	0.011426086956521739
133.0	0.011991304347826087
135.0	0.010641304347826088
137.0	0.011034782608695651
139.0	0.009847826086956522
141.0	0.010441304347826088
143.0	0.011404347826086956
145.0	0.010650000000000001
147.0	0.01035
149.0	0.011921739130434783
151.0	0.01126304347826087
153.0	0.012410869565217393
155.0	0.012410869565217393
157.0	0.01187826086956522
159.0	0.011715217391304348
161.0	0.011869565217391305
163.0	0.012482608695652172
165.0	0.012617391304347827
167.0	0.013180434782608696
169.0	0.012717391304347824
171.0	0.012528260869565216
173.0	0.01201521739130435
175.0	0.01220217391304348
177.0	0.012708695652173913
179.0	0.012147826086956524
181.0	0.011432608695652175
183.0	0.011554347826086955
185.0	0.01213695652173913
187.0	0.011730434782608695
189.0	0.01202391304347826
191.0	0.012206521739130435
193.0	0.013060869565217391
195.0	0.011869565217391305
197.0	0.011478260869565217
199.0	0.011121739130434781
201.0	0.011784782608695653
203.0	0.012613043478260871
205.0	0.012360869565217394
207.0	0.011343478260869566
209.0	0.011499999999999998
211.0	0.011934782608695653
213.0	0.011341304347826087
215.0	0.011469565217391306
217.0	0.013852173913043478
219.0	0.012717391304347824
221.0	0.01187391304347826
223.0	0.011986956521739131
225.0	0.011571739130434782
227.0	0.012302173913043479
229.0	0.010945652173913046
231.0	0.01110217391304348
233.0	0.011276086956521738
235.0	0.011319565217391305
237.0	0.011610869565217391
239.0	0.01137826086956522
241.0	0.01286304347826087
243.0	0.01345
245.0	0.013093478260869564
247.0	0.013095652173913045
249.0	0.012173913043478259
251.0	0.011817391304347825
253.0	0.011591304347826084
255.0	0.011232608695652175
257.0	0.012636956521739129
259.0	0.01253695652173913
261.0	0.012847826086956523
263.0	0.012280434782608696
265.0	0.01146086956521739
267.0	0.010676086956521738
269.0	0.01003695652173913
271.0	0.01102608695652174
273.0	0.011041304347826087
275.0	0.011684782608695652
277.0	0.010858695652173914
279.0	0.01237391304347826
281.0	0.012091304347826085
283.0	0.011254347826086955
285.0	0.010871739130434783
287.0	0.011130434782608696
289.0	0.011
291.0	0.012265217391304348
293.0	0.011763043478260871
295.0	0.012032608695652173
297.0	0.011480434782608696
299.0	0.011369565217391304
301.0	0.012467391304347826
303.0	0.01069782608695652
305.0	0.011213043478260867
307.0	0.01128695652173913
309.0	0.011295652173913045
311.0	0.011415217391304348
313.0	0.011536956521739132
315.0	0.011391304347826087
317.0	0.010784782608695653
319.0	0.010097826086956523
321.0	0.011039130434782609
323.0	0.011856521739130434
325.0	0.012060869565217392
327.0	0.01056086956521739
329.0	0.011386956521739131
331.0	0.011656521739130435
333.0	0.01058913043478261
335.0	0.011993478260869564
337.0	0.012430434782608695
339.0	0.011906521739130437
341.0	0.011078260869565218
343.0	0.010989130434782607
345.0	0.011884782608695651
347.0	0.011656521739130435
349.0	0.011393478260869566
351.0	0.011717391304347827
353.0	0.012371739130434784
355.0	0.011556521739130436
357.0	0.011386956521739131
359.0	0.01061304347826087
361.0	0.011430434782608695
363.0	0.011119565217391306
365.0	0.012110869565217392
367.0	0.012204347826086957
369.0	0.011065217391304349
371.0	0.0118
373.0	0.011982608695652172
375.0	0.010771739130434782
377.0	0.01132608695652174
379.0	0.011521739130434782
381.0	0.01161304347826087
383.0	0.011939130434782608
385.0	0.011130434782608696
387.0	0.010780434782608695
389.0	0.012258695652173912
391.0	0.011830434782608696
393.0	0.0116
395.0	0.010926086956521738
397.0	0.011334782608695651
399.0	0.010678260869565219
401.0	0.010397826086956522
403.0	0.011067391304347826
405.0	0.011152173913043479
407.0	0.010930434782608696
409.0	0.010317391304347825
411.0	0.010910869565217392
413.0	0.012193478260869566
415.0	0.011680434782608695
417.0	0.01223478260869565
419.0	0.011221739130434782
421.0	0.01246086956521739
423.0	0.011280434782608696
425.0	0.012058695652173912
427.0	0.011482608695652175
429.0	0.010352173913043477
431.0	0.01166521739130435
433.0	0.012021739130434783
435.0	0.012332608695652171
437.0	0.01203913043478261
439.0	0.012521739130434783
441.0	0.011967391304347826
443.0	0.01220217391304348
445.0	0.011986956521739131
447.0	0.011423913043478262
449.0	0.012056521739130435
451.0	0.011556521739130436
453.0	0.012310869565217392
455.0	0.011976086956521737
457.0	0.013021739130434782
459.0	0.011156521739130435
461.0	0.011610869565217391
463.0	0.010365217391304348
465.0	0.011795652173913042
467.0	0.011617391304347826
469.0	0.012145652173913044
471.0	0.011315217391304349
473.0	0.01188913043478261
475.0	0.011145652173913044
477.0	0.012534782608695652
479.0	0.010817391304347824
481.0	0.011204347826086956
483.0	0.01201304347826087
485.0	0.012252173913043478
487.0	0.012278260869565216
489.0	0.010421739130434782
491.0	0.010821739130434781
493.0	0.0111
495.0	0.011178260869565217
497.0	0.011358695652173912
499.0	0.011141304347826089
501.0	0.011804347826086956
503.0	0.012597826086956521
505.0	0.01188913043478261
507.0	0.011591304347826084
509.0	0.01025217391304348
511.0	0.011923913043478262
513.0	0.010654347826086957
515.0	0.011654347826086956
517.0	0.01223913043478261
519.0	0.01213695652173913
521.0	0.011202173913043479
523.0	0.011682608695652175
525.0	0.012321739130434783
527.0	0.010923913043478261
529.0	0.010478260869565216
531.0	0.011152173913043479
533.0	0.011313043478260868
535.0	0.011695652173913041
537.0	0.011082608695652174
539.0	0.01141304347826087
541.0	0.01047608695652174
543.0	0.011752173913043477
545.0	0.012871739130434785
547.0	0.010465217391304347
549.0	0.01073695652173913
551.0	0.012256521739130437
553.0	0.012345652173913042
555.0	0.013215217391304348
557.0	0.010634782608695652
559.0	0.01166521739130435
561.0	0.011095652173913045
563.0	0.011669565217391306
565.0	0.011813043478260869
567.0	0.011606521739130436
569.0	0.012184782608695653
571.0	0.01211304347826087
573.0	0.011802173913043479
575.0	0.01251086956521739
577.0	0.012126086956521738
579.0	0.01058913043478261
581.0	0.010665217391304348
583.0	0.011486956521739132
585.0	0.010819565217391304
587.0	0.012489130434782609
589.0	0.012080434782608696
591.0	0.011895652173913043
593.0	0.011032608695652176
595.0	0.011071739130434782
597.0	0.011821739130434782
599.0	0.011480434782608696
601.0	0.012869565217391304
603.0	0.012356521739130434
605.0	0.012543478260869568
607.0	0.013104347826086956
609.0	0.01292608695652174
611.0	0.012389130434782611
613.0	0.01201086956521739
615.0	0.012415217391304346
617.0	0.012041304347826087
619.0	0.013078260869565218
621.0	0.012934782608695653
623.0	0.013030434782608697
625.0	0.012384782608695652
627.0	0.012215217391304349
629.0	0.01172826086956522
631.0	0.01138913043478261
633.0	0.012367391304347825
635.0	0.010297826086956521
637.0	0.010658695652173915
639.0	0.010680434782608694
641.0	0.010393478260869565
643.0	0.012784782608695654
645.0	0.012178260869565216
647.0	0.013278260869565217
649.0	0.011343478260869566
651.0	0.011569565217391305
653.0	0.010826086956521737
655.0	0.01188913043478261
657.0	0.011702173913043479
659.0	0.012626086956521738
661.0	0.010404347826086955
663.0	0.010645652173913044
665.0	0.01006086956521739
667.0	0.011897826086956522
669.0	0.011669565217391306
671.0	0.012230434782608695
673.0	0.011819565217391305
675.0	0.010284782608695652
677.0	0.01110869565217391
679.0	0.010195652173913045
681.0	0.00992608695652174
683.0	0.011945652173913043
685.0	0.011784782608695653
687.0	0.012047826086956523
689.0	0.011045652173913043
691.0	0.011421739130434783
693.0	0.011497826086956523
695.0	0.012182608695652174
697.0	0.011641304347826087
699.0	0.010965217391304348
701.0	0.010808695652173914
703.0	0.011404347826086956
705.0	0.01175
707.0	0.011134782608695652
709.0	0.01022391304347826
711.0	0.011376086956521739
713.0	0.01157391304347826
715.0	0.01047391304347826
717.0	0.010393478260869565
719.0	0.010863043478260868
721.0	0.01228695652173913
723.0	0.011458695652173913
725.0	0.010593478260869565
727.0	0.010995652173913044
729.0	0.011258695652173911
731.0	0.01146304347826087
733.0	0.010147826086956522
735.0	0.011778260869565219
737.0	0.012052173913043479
739.0	0.011930434782608695
741.0	0.011645652173913043
743.0	0.011232608695652175
745.0	0.011902173913043478
747.0	0.01216521739130435
749.0	0.011919565217391305
751.0	0.012141304347826088
753.0	0.010595652173913044
755.0	0.011736956521739129
757.0	0.011369565217391304
759.0	0.010858695652173914
761.0	0.011017391304347824
763.0	0.01160869565217391
765.0	0.011410869565217393
767.0	0.012128260869565217
769.0	0.01215217391304348
771.0	0.012634782608695654
773.0	0.01253695652173913
775.0	0.010076086956521738
777.0	0.010639130434782608
779.0	0.010686956521739132
781.0	0.011154347826086956
783.0	0.010373913043478261
785.0	0.011082608695652174
787.0	0.011050000000000003
789.0	0.011715217391304348
791.0	0.011865217391304349
793.0	0.011321739130434782
795.0	0.011256521739130436
797.0	0.010747826086956522
799.0	0.011986956521739131
801.0	0.01218695652173913
803.0	0.01168695652173913
805.0	0.011282608695652174
807.0	0.010802173913043478
809.0	0.011169565217391306
811.0	0.011191304347826088
813.0	0.010756521739130435
815.0	0.01088478260869565
817.0	0.010752173913043478
819.0	0.011152173913043479
821.0	0.012339130434782608
823.0	0.01172826086956522
825.0	0.012413043478260869
827.0	0.010856521739130435
829.0	0.010623913043478261
831.0	0.011832608695652171
833.0	0.011197826086956521
835.0	0.01232391304347826
837.0	0.011158695652173912
839.0	0.010549999999999999
841.0	0.01126304347826087
843.0	0.012017391304347825
845.0	0.011502173913043479
847.0	0.012021739130434783
849.0	0.011954347826086955
851.0	0.012621739130434783
853.0	0.011867391304347824
855.0	0.011193478260869565
857.0	0.011191304347826088
859.0	0.01159782608695652
861.0	0.012804347826086956
863.0	0.012519565217391304
865.0	0.012295652173913043
867.0	0.011965217391304349
869.0	0.011593478260869565
871.0	0.010602173913043477
873.0	0.011136956521739133
875.0	0.010967391304347825
877.0	0.011054347826086955
879.0	0.01232391304347826
881.0	0.011882608695652174
883.0	0.01215217391304348
885.0	0.010845652173913044
887.0	0.011173913043478262
889.0	0.012256521739130437
891.0	0.011939130434782608
893.0	0.012106521739130436
895.0	306.9300173913044
897.0	928.3962304347826
899.0	1706.6021847826084
901.0	2392.4493260869563
903.0	3121.588282608696
905.0	3463.0570000000002
907.0	3480.3484347826084
909.0	3445.7466086956524
911.0	3418.9204565217397
913.0	3394.322652173913
915.0	3376.7797608695655
917.0	3365.311891304348
919.0	3358.1977608695647
921.0	3347.5208043478265
923.0	3340.2772391304347
925.0	3332.1362608695654
927.0	3326.5496739130435
929.0	3322.126282608696
931.0	3316.6829782608697
933.0	3315.335152173913
935.0	3314.8794347826088
937.0	3311.7834130434785
939.0	3310.240913043478
941.0	3308.9548260869565
943.0	3312.5614347826086
945.0	3312.370239130435
947.0	3310.0979347826087
949.0	3309.4629782608695
951.0	3305.4620217391303
953.0	3301.2752826086958
955.0	3301.5919565217396
957.0	3304.1335
959.0	3306.958717391304
961.0	3308.546543478261
963.0	3310.806152173913
965.0	3304.658195652174
967.0	3301.7054782608698
969.0	3300.6081956521743
971.0	3302.7005217391306
973.0	3304.477152173913
975.0	3306.681369565217
977.0	3306.236586956522
979.0	3307.588195652174
981.0	3307.132543478261
983.0	3305.8531304347825
985.0	3302.6223913043473
987.0	3301.4240217391307
989.0	3301.110043478261
991.0	3302.2291521739135
993.0	3306.5382826086957
995.0	3307.9543043478257
997.0	3308.066891304348
999.0	3305.7708260869567
1001.0	3302.0193913043477
1003.0	3301.5213913043476
1005.0	3305.438847826087
1007.0	3308.807913043478
1009.0	3308.233326086957
1011.0	3304.206543478261
1013.0	3301.8953478260873
1015.0	3304.1578043478266
1017.0	3304.917630434782
1019.0	3307.343130434783
1021.0	3303.736391304348
1023.0	3301.0357391304346
1025.0	3305.105086956522
1027.0	3307.0750217391305
1029.0	3304.997369565217
1031.0	3301.746804347826
1033.0	3301.080369565217
1035.0	3307.0905434782603
1037.0	3305.6637826086953
1039.0	3302.955869565217
1041.0	3301.629456521739
1043.0	3304.9070652173914
1045.0	3309.4553043478263
1047.0	3302.577565217391
1049.0	3299.97697826087
1051.0	3307.442413043478
1053.0	3304.0459565217384
1055.0	3301.0020869565215
1057.0	3303.443304347826
1059.0	3305.2970869565215
1061.0	3302.4349565217385
1063.0	3302.2641086956514
1065.0	3304.2182391304345
1067.0	3304.3687826086957
1069.0	3300.6496521739127
1071.0	3309.4090869565216
1073.0	3306.4044999999996
1075.0	3299.8527826086956
1077.0	3305.7689782608695
1079.0	3307.5975217391306
1081.0	3301.707673913044
1083.0	3303.5076739130436
1085.0	3309.256456521739
1087.0	3306.1122826086958
1089.0	3301.7124130434786
1091.0	3302.0860000000002
1093.0	3307.2954347826085
1095.0	3303.25402173913
1097.0	3299.640891304348
1099.0	3304.574847826087
1101.0	3307.491173913044
1103.0	3304.4226086956523
1105.0	3299.2965217391306
1107.0	3301.888086956522
1109.0	3307.8133260869567
1111.0	3308.3920652173915
1113.0	3302.2359347826086
1115.0	3300.985760869565
1117.0	3302.4265
1119.0	3304.974413043478
1121.0	3306.549521739131
1123.0	3299.0815
1125.0	3301.6613260869567
1127.0	3307.7486086956524
1129.0	3304.2755217391305
1131.0	3299.4924565217398
1133.0	3308.7803478260867
1135.0	3308.6864782608695
1137.0	3299.878695652174
1139.0	3307.9448913043484
1141.0	3307.425065217391
1143.0	3302.998391304348
1145.0	3304.4024999999997
1147.0	3304.672739130435
1149.0	3303.048217391304
1151.0	3303.0990652173914
1153.0	3303.8536521739134
1155.0	3303.352086956522
1157.0	3302.4500217391305
1159.0	3304.0298260869567
1161.0	3309.6425652173916
1163.0	3305.8595434782605
1165.0	3305.616695652174
1167.0	3307.2056956521737
1169.0	3304.728173913043
1171.0	3303.8806304347822
1173.0	3306.5461739130437
1175.0	3305.6981086956525
1177.0	3301.296347826087
1179.0	3306.2778913043476
1181.0	3305.2981304347827
1183.0	3304.8738478260866
1185.0	3298.3876304347827
1187.0	3304.444130434783
1189.0	3306.7953260869563
1191.0	3299.719391304348
1193.0	3302.7604565217393
1195.0	3307.4484782608697
1197.0	3306.9275434782608
1199.0	3305.0328913043472
1201.0	3299.9728260869565
1203.0	3307.832
1205.0	3310.3048913043476
1207.0	3304.716869565217
1209.0	3302.891
1211.0	3306.2084999999997
1213.0	3313.6314782608697
1215.0	3302.6798478260866
1217.0	3300.5687608695653
1219.0	3302.4239130434785
1221.0	3308.4913260869566
1223.0	3303.8214130434785
1225.0	3302.6551304347827
1227.0	3306.3346086956526
1229.0	3303.4302391304345
1231.0	3306.98497826087
1233.0	3299.456086956522
1235.0	3307.1089130434784
1237.0	3311.046586956522
1239.0	3302.135434782609
1241.0	3303.3759565217397
1243.0	3304.5397391304346
1245.0	3307.040326086956
1247.0	3299.3755000000006
1249.0	3304.4918695652177
1251.0	3306.118130434783
1253.0	3305.651673913044
1255.0	3303.939804347826
1257.0	3303.3232173913043
1259.0	3312.141934782609
1261.0	3304.020891304348
1263.0	3300.1554782608696
1265.0	3299.0147826086954
1267.0	3307.8201304347826
1269.0	3312.304304347826
1271.0	3308.2560652173916
1273.0	3300.126021739131
1275.0	3303.994260869565
1277.0	3303.4065217391308
1279.0	3305.5134347826083
1281.0	3305.285565217391
1283.0	3303.3725652173916
1285.0	3303.5122173913037
1287.0	3305.361934782609
1289.0	3303.3336739130436
1291.0	3308.2264347826085
1293.0	3310.203065217391
1295.0	3308.9483478260872
1297.0	3307.3929347826083
1299.0	3305.971673913043
1301.0	3301.8392608695654
1303.0	3300.5307391304345
1305.0	3299.8112826086954
1307.0	3302.6693043478263
1309.0	3303.6130652173915
1311.0	3303.8009782608697
1313.0	3311.125608695652
1315.0	3307.6112391304346
1317.0	3307.5847826086956
1319.0	3304.4018260869566
1321.0	3305.331956521739
1323.0	3296.178195652174
1325.0	3301.3065652173914
1327.0	3302.5355
1329.0	3301.9574782608693
1331.0	3311.211434782609
1333.0	3306.6749999999997
1335.0	3308.9004347826085
1337.0	3301.730934782609
1339.0	3301.1059999999998
1341.0	3305.012369565218
1343.0	3309.4602391304347
1345.0	3301.8919565217393
1347.0	3308.613282608696
1349.0	3301.5563913043475
1351.0	3300.140913043478
1353.0	3302.546630434783
1355.0	3301.5236521739134
1357.0	3303.8581956521734
1359.0	3308.4938260869567
1361.0	3305.8788260869565
1363.0	3303.4291739130435
1365.0	3308.3623260869563
1367.0	3309.0315217391308
1369.0	3305.718
1371.0	3300.2690000000002
1373.0	3306.5340652173913
1375.0	3306.9653695652173
1377.0	3308.1585652173912
1379.0	3301.3497826086955
1381.0	3305.7272608695653
1383.0	3303.372934782609
1385.0	3305.5362826086957
1387.0	3307.377304347826
1389.0	3301.9086956521737
1391.0	3303.824826086957
1393.0	3308.275652173913
1395.0	3305.3486956521742
1397.0	3300.9897391304344
1399.0	3299.0736304347824
1401.0	3303.740652173913
1403.0	3306.6728695652178
1405.0	3303.643586956521
1407.0	3306.7816304347825
1409.0	3304.2095217391307
1411.0	3306.2599347826085
1413.0	3303.6938913043477
1415.0	3299.1007826086957
1417.0	3295.1675000000005
1419.0	3307.107304347826
1421.0	3303.607086956522
1423.0	3305.4327826086956
1425.0	3303.804695652174
1427.0	3305.4907826086956
1429.0	3305.4680652173915
1431.0	3307.226782608696
1433.0	3308.2444130434787
1435.0	3305.4275869565217
1437.0	3304.898434782609
1439.0	3306.6792826086958
1441.0	3300.9282608695653
1443.0	3301.703152173913
1445.0	3296.668608695653
1447.0	3302.8457608695653
1449.0	3305.1686304347827
1451.0	3305.3806304347822
1453.0	3304.616195652174
1455.0	3312.5516086956522
1457.0	3271.068021739131
1459.0	2735.9204782608695
1461.0	2180.430891304348
1463.0	1539.7627152173914
1465.0	962.5400304347827
1467.0	365.53831086956524
1469.0	1.9149347826086958
1471.0	8.260869565217392e-05
1473.0	0.004839130434782609
1475.0	0.0070847826086956524
1477.0	0.00832391304347826
1479.0	0.010065217391304348
1481.0	0.01046086956521739
1483.0	0.011632608695652174
1485.0	0.01056304347826087
1487.0	0.011071739130434782
1489.0	0.011456521739130435
1491.0	0.011897826086956522
TERM
