SR1 P
1.0	296.139554
3.0	291.972982
5.0	293.907443
7.0	292.515807
9.0	292.099116
11.0	296.68665
13.0	290.718043
15.0	294.756364
17.0	293.278239
19.0	293.367546
21.0	291.811482
23.0	290.730116
25.0	292.377595
27.0	294.309943
29.0	293.237132
31.0	292.335031
33.0	292.546192
35.0	292.306002
37.0	290.282234
39.0	295.302654
41.0	294.64145
43.0	289.79763
45.0	295.964515
47.0	293.268979
49.0	291.519468
51.0	295.505365
53.0	293.483764
55.0	289.343306
57.0	298.424792
59.0	290.365255
61.0	297.366873
63.0	298.834281
65.0	287.000057
67.0	293.1032
69.0	301.067198
71.0	282.085244
73.0	292.830462
75.0	289.465971
77.0	294.930698
79.0	286.148975
81.0	286.188616
83.0	291.779481
85.0	292.755346
87.0	293.383089
89.0	283.288364
91.0	285.229918
93.0	288.632049
95.0	285.478012
97.0	287.612257
99.0	286.806612
101.0	290.368723
103.0	282.34033
105.0	283.295457
107.0	285.751455
109.0	285.588494
111.0	283.437239
113.0	282.850494
115.0	282.511741
117.0	283.251537
119.0	283.241626
121.0	282.765467
123.0	281.257503
125.0	281.696935
127.0	281.213582
129.0	282.819303
131.0	283.039019
133.0	283.526441
135.0	283.434421
137.0	284.408014
139.0	286.098662
141.0	285.524751
143.0	287.034071
145.0	286.499805
147.0	287.276428
149.0	284.726844
151.0	287.537141
153.0	290.601168
155.0	289.611923
157.0	289.813173
159.0	290.663555
161.0	289.925121
163.0	285.698431
165.0	288.439898
167.0	292.558266
169.0	294.647239
171.0	290.283696
173.0	290.545875
175.0	294.363775
177.0	296.935995
179.0	289.896844
181.0	299.580518
183.0	292.002716
185.0	297.545486
187.0	291.664068
189.0	295.731418
191.0	301.846638
193.0	291.811482
195.0	296.99275
197.0	298.428311
199.0	293.466759
201.0	295.236148
203.0	300.507372
205.0	295.020712
207.0	298.423491
209.0	298.979691
211.0	295.955309
213.0	299.159657
215.0	301.750238
217.0	292.912566
219.0	302.555238
221.0	295.710138
223.0	292.851641
225.0	302.644541
227.0	298.531809
229.0	297.882777
231.0	295.901477
233.0	295.922757
235.0	303.727263
237.0	298.286634
239.0	292.734062
241.0	303.871863
243.0	302.44757
245.0	295.418225
247.0	304.007909
249.0	297.624123
251.0	298.578547
253.0	297.225196
255.0	300.657604
257.0	298.606925
259.0	299.455845
261.0	300.606591
263.0	297.001204
265.0	299.590429
267.0	296.883625
269.0	299.274418
271.0	298.252625
273.0	300.134711
275.0	294.417698
277.0	296.943093
279.0	299.292884
281.0	297.433434
283.0	296.009141
285.0	294.686989
287.0	298.580005
289.0	293.838064
291.0	296.884982
293.0	296.801339
295.0	293.112371
297.0	293.176173
299.0	299.723656
301.0	291.238928
303.0	297.062129
305.0	294.163986
307.0	293.459579
309.0	297.155711
311.0	293.719027
313.0	290.582702
315.0	297.692789
317.0	294.336723
319.0	295.619475
321.0	293.28815
323.0	296.413062
325.0	293.730295
327.0	292.266357
329.0	296.339448
331.0	287.800782
333.0	295.171593
335.0	295.290634
337.0	288.863682
339.0	293.208754
341.0	295.460688
343.0	289.457517
345.0	291.311125
347.0	295.051196
349.0	289.993143
351.0	288.884962
353.0	292.490243
355.0	293.442662
357.0	291.654157
359.0	291.280034
361.0	291.132616
363.0	291.158075
365.0	288.425707
367.0	291.333866
369.0	290.849157
371.0	290.710294
373.0	289.498623
375.0	290.93982
377.0	288.962896
379.0	289.762159
381.0	288.446991
383.0	287.372824
385.0	289.104573
387.0	290.027152
389.0	290.50195
391.0	288.434262
393.0	288.247203
395.0	289.874102
397.0	287.888628
399.0	289.631746
401.0	289.6403
403.0	290.207223
405.0	287.37418
407.0	289.545362
409.0	290.234139
411.0	292.162864
413.0	288.784287
415.0	290.516141
417.0	290.044157
419.0	290.963918
421.0	289.961951
423.0	290.920167
425.0	289.705513
427.0	291.622966
429.0	291.499652
431.0	289.155673
433.0	294.64162
435.0	293.343465
437.0	288.94952
439.0	294.105878
441.0	295.058313
443.0	294.625958
445.0	292.29192
447.0	297.369696
449.0	295.635162
451.0	290.693292
453.0	297.280387
455.0	295.691798
457.0	296.24159
459.0	292.745333
461.0	297.457565
463.0	293.025974
465.0	295.900124
467.0	299.314067
469.0	291.706531
471.0	295.177333
473.0	300.98781
475.0	294.206558
477.0	296.210394
479.0	300.42381
481.0	295.588283
483.0	301.234442
485.0	298.449599
487.0	297.525562
489.0	300.486092
491.0	299.946194
493.0	298.597017
495.0	299.593251
497.0	294.375151
499.0	304.937585
501.0	293.907447
503.0	299.581983
505.0	302.946369
507.0	297.372512
509.0	300.452082
511.0	293.051538
513.0	294.886781
515.0	305.994744
517.0	302.427646
519.0	295.405499
521.0	301.254264
523.0	296.070179
525.0	302.570785
527.0	300.005658
529.0	300.715719
531.0	297.33996
533.0	295.440869
535.0	296.471217
537.0	295.900124
539.0	299.237594
541.0	300.680248
543.0	294.828669
545.0	299.06326
547.0	289.522624
549.0	300.803564
551.0	299.066078
553.0	296.920456
555.0	295.729964
557.0	298.272451
559.0	298.769889
561.0	293.183304
563.0	298.439687
565.0	297.916794
567.0	301.424319
569.0	292.038194
571.0	295.978058
573.0	300.561208
575.0	295.741333
577.0	299.050531
579.0	296.560524
581.0	293.557426
583.0	295.044106
585.0	292.311742
587.0	294.151265
589.0	296.28551
591.0	295.256624
593.0	291.46136
595.0	296.955926
597.0	296.605801
599.0	294.625958
601.0	296.992753
603.0	296.805694
605.0	290.360277
607.0	297.502921
609.0	296.435746
611.0	294.943431
613.0	294.277395
615.0	296.537778
617.0	294.074687
619.0	296.349363
621.0	294.590592
623.0	295.129133
625.0	296.38191
627.0	291.365065
629.0	294.57494
631.0	295.87884
633.0	294.10734
635.0	292.89139
637.0	291.026308
639.0	296.389008
641.0	295.048385
643.0	294.736544
645.0	295.153235
647.0	290.280881
649.0	294.985994
651.0	293.645271
653.0	297.419356
655.0	291.532302
657.0	294.865497
659.0	295.117765
661.0	298.360296
663.0	292.073665
665.0	292.666694
667.0	296.091358
669.0	293.802597
671.0	297.294578
673.0	296.326617
675.0	296.56188
677.0	294.311408
679.0	293.340629
681.0	292.75107
683.0	296.863806
685.0	295.12204
687.0	293.40719
689.0	296.209038
691.0	293.626906
693.0	291.785221
695.0	294.961897
697.0	295.823547
699.0	296.305438
701.0	293.448297
703.0	291.598867
705.0	296.08854
707.0	292.746794
709.0	298.307922
711.0	294.254653
713.0	294.569308
715.0	298.322108
717.0	295.17024
719.0	296.648365
721.0	296.227403
723.0	295.165965
725.0	294.814478
727.0	297.023949
729.0	298.513346
731.0	296.468399
733.0	292.91831
735.0	295.425322
737.0	295.157406
739.0	295.892221
741.0	294.686992
743.0	294.61469
745.0	298.069034
747.0	291.628597
749.0	295.896496
751.0	295.661237
753.0	295.140401
755.0	298.147778
757.0	293.802597
759.0	297.096146
761.0	296.782949
763.0	297.420712
765.0	298.747249
767.0	292.464792
769.0	296.105544
771.0	297.454721
773.0	293.207401
775.0	296.926092
777.0	295.68604
779.0	297.253471
781.0	292.527179
783.0	297.009762
785.0	295.071022
787.0	297.04231
789.0	298.319189
791.0	294.409165
793.0	294.627419
795.0	297.073511
797.0	296.423017
799.0	295.814992
801.0	296.799958
803.0	289.824549
805.0	298.214341
807.0	295.303467
809.0	295.792351
811.0	289.774888
813.0	295.837733
815.0	290.241236
817.0	293.863526
819.0	298.154872
821.0	287.996295
823.0	296.808512
825.0	295.900124
827.0	292.762442
829.0	293.500776
831.0	296.923274
833.0	297.821751
835.0	293.70831
837.0	292.425147
839.0	297.729626
841.0	295.932672
843.0	292.748251
845.0	296.269967
847.0	291.821397
849.0	296.785872
851.0	296.04034
853.0	293.550333
855.0	294.898149
857.0	296.352176
859.0	296.896358
861.0	295.035551
863.0	295.98369
865.0	293.544697
867.0	293.034529
869.0	295.744151
871.0	294.933519
873.0	296.149469
875.0	294.407808
877.0	293.013249
879.0	298.662222
881.0	298.119401
883.0	292.632029
885.0	297.495828
887.0	293.991238
889.0	295.112129
891.0	297.040956
893.0	294.453092
895.0	297.141528
897.0	294.322781
899.0	294.699916
901.0	296.576067
903.0	297.261216
905.0	292.826186
907.0	293.963552
909.0	294.461015
911.0	297.230836
913.0	295.965235
915.0	295.973778
917.0	294.589782
919.0	293.996755
921.0	297.067874
923.0	294.966172
925.0	297.033308
927.0	274.744079
929.0	277.814798
931.0	277.674259
933.0	279.71236
935.0	275.308238
937.0	289.444013
939.0	283.542879
941.0	283.65214
943.0	291.667953
945.0	301.072444
947.0	298.068545
949.0	300.63355
951.0	290.204449
953.0	286.899676
955.0	279.152444
957.0	287.067602
959.0	281.970005
961.0	276.478183
963.0	279.247551
965.0	299.548999
967.0	294.805543
969.0	294.129654
971.0	288.379289
973.0	289.808521
975.0	286.249216
977.0	282.77143
979.0	287.24637
981.0	285.048923
983.0	289.320924
985.0	289.555294
987.0	281.1346
989.0	284.160312
991.0	288.150389
993.0	291.372984
995.0	283.791813
997.0	275.737101
999.0	287.306482
1001.0	281.31957
1003.0	287.175942
1005.0	283.505586
1007.0	283.74698
1009.0	292.326723
1011.0	269.261817
1013.0	279.622405
1015.0	287.347453
1017.0	292.150793
1019.0	285.973992
1021.0	277.647328
1023.0	279.763127
1025.0	290.424777
1027.0	288.055218
1029.0	276.951402
1031.0	290.048515
1033.0	282.414831
1035.0	285.943459
1037.0	276.108919
1039.0	276.634909
1041.0	277.405144
1043.0	288.821432
1045.0	284.509598
1047.0	281.83244
1049.0	278.847714
1051.0	280.613543
1053.0	280.957364
1055.0	281.935116
1057.0	275.966563
1059.0	274.858405
1061.0	291.182483
1063.0	285.869145
1065.0	269.504889
1067.0	273.994678
1069.0	287.479338
1071.0	272.172169
1073.0	275.780373
1075.0	284.615227
1077.0	279.988002
1079.0	280.30318
1081.0	277.901189
1083.0	275.532288
1085.0	277.045739
1087.0	275.382801
1089.0	281.456914
1091.0	275.730817
1093.0	278.518473
1095.0	280.651367
1097.0	280.438748
1099.0	280.166657
1101.0	274.981762
1103.0	278.19456
1105.0	279.290742
1107.0	277.023789
1109.0	279.34183
1111.0	289.16444
1113.0	281.218711
1115.0	275.818659
1117.0	283.239582
1119.0	281.42411
1121.0	280.748877
1123.0	275.371325
1125.0	283.676091
1127.0	281.43146
1129.0	277.686961
1131.0	288.656959
1133.0	284.990699
1135.0	288.102679
1137.0	275.073937
1139.0	287.116576
1141.0	285.94654
1143.0	285.072182
1145.0	285.410316
1147.0	289.644256
1149.0	294.78221
1151.0	289.40013
1153.0	282.395141
1155.0	280.768137
1157.0	282.595739
1159.0	293.107045
1161.0	289.275765
1163.0	287.069868
1165.0	290.742522
1167.0	294.638306
1169.0	293.345884
1171.0	285.5931
1173.0	278.786285
1175.0	283.973189
1177.0	298.120531
1179.0	293.099411
1181.0	284.335234
1183.0	285.629927
1185.0	290.038202
1187.0	293.319022
1189.0	291.686327
1191.0	285.3684
1193.0	282.496521
1195.0	291.757222
1197.0	295.361902
1199.0	285.420227
1201.0	279.236176
1203.0	284.641439
1205.0	294.245876
1207.0	298.153083
1209.0	288.151944
1211.0	282.977611
1213.0	279.836473
1215.0	278.772913
1217.0	287.29114
1219.0	290.209712
1221.0	290.699255
1223.0	285.929744
1225.0	292.16893
1227.0	283.509767
1229.0	284.275117
1231.0	289.937472
1233.0	277.274154
1235.0	288.137753
1237.0	284.414792
1239.0	280.273005
1241.0	281.137448
1243.0	281.205458
1245.0	289.580412
1247.0	284.206448
1249.0	280.810056
1251.0	284.385627
1253.0	274.958477
1255.0	283.576433
1257.0	287.019506
1259.0	291.905946
1261.0	275.509097
1263.0	280.875967
1265.0	290.373333
1267.0	281.848203
1269.0	284.59113
1271.0	280.730095
1273.0	287.454633
1275.0	274.559116
1277.0	286.206112
1279.0	286.00723
1281.0	280.388611
1283.0	274.901923
1285.0	290.554272
1287.0	278.158578
1289.0	276.26322
1291.0	286.065195
1293.0	285.800283
1295.0	277.921495
1297.0	285.0988
1299.0	281.033514
1301.0	278.663294
1303.0	283.931704
1305.0	279.887147
1307.0	282.282063
1309.0	277.137488
1311.0	279.298944
1313.0	279.861536
1315.0	283.495351
1317.0	280.311477
1319.0	284.268999
1321.0	286.680419
1323.0	279.033899
1325.0	282.282871
1327.0	276.927269
1329.0	283.356335
1331.0	276.058526
1333.0	283.202632
1335.0	280.173424
1337.0	281.329754
1339.0	272.771317
1341.0	281.883842
1343.0	284.886287
1345.0	287.57045
1347.0	278.457065
1349.0	273.640712
1351.0	279.293308
1353.0	275.052276
1355.0	278.136774
1357.0	280.476554
1359.0	273.786769
1361.0	279.257132
1363.0	277.44654
1365.0	272.727341
1367.0	267.231418
1369.0	275.381822
1371.0	280.298097
1373.0	277.024217
1375.0	273.431012
1377.0	272.208775
1379.0	278.850357
1381.0	266.849549
1383.0	266.261342
1385.0	275.21589
1387.0	280.441887
1389.0	275.556156
1391.0	268.916429
1393.0	276.767126
1395.0	270.22249
1397.0	272.283085
1399.0	270.358535
1401.0	277.572674
1403.0	269.415329
1405.0	264.459461
1407.0	267.565895
1409.0	276.115175
1411.0	270.582421
1413.0	272.517536
1415.0	274.710053
1417.0	268.852028
1419.0	271.336408
1421.0	275.223792
1423.0	272.087466
1425.0	278.163041
1427.0	272.43397
1429.0	272.951231
1431.0	264.146915
1433.0	274.080849
1435.0	275.802636
1437.0	275.646114
1439.0	272.712501
1441.0	275.492413
1443.0	271.808282
1445.0	273.335265
1447.0	274.731333
1449.0	274.122603
1451.0	269.787337
1453.0	274.742549
1455.0	278.827716
1457.0	270.318133
1459.0	270.074923
1461.0	275.248543
1463.0	269.524454
1465.0	271.784995
1467.0	264.69175
1469.0	268.059863
1471.0	271.089771
1473.0	268.503364
1475.0	272.616101
1477.0	272.783337
1479.0	273.701742
1481.0	270.342887
1483.0	269.289898
1485.0	276.845055
1487.0	288.504398
1489.0	283.950873
1491.0	279.71065
TERM
