SR1 T_liq
1.0	348.1233353
3.0	347.91284029999997
5.0	347.8426727
7.0	347.8426727
9.0	347.89793239999995
11.0	348.05316769999996
13.0	347.91284029999997
15.0	347.91284029999997
17.0	347.9830002
19.0	347.77251279999996
21.0	347.63217769999994
23.0	347.77251279999996
25.0	347.8426727
27.0	347.77251279999996
29.0	347.63217769999994
31.0	347.4918427
33.0	347.28134769999997
35.0	347.2111801
37.0	347.2111801
39.0	347.2111801
41.0	347.28134769999997
43.0	347.42168269999996
45.0	347.28134769999997
47.0	347.3515152
49.0	347.42168269999996
51.0	347.42168269999996
53.0	347.2111801
55.0	347.2111801
57.0	347.2111801
59.0	347.2111801
61.0	347.14101259999995
63.0	347.2111801
65.0	347.2111801
67.0	347.28134769999997
69.0	347.2111801
71.0	347.14101259999995
73.0	347.0708527
75.0	347.14101259999995
77.0	347.2111801
79.0	347.14101259999995
81.0	347.14101259999995
83.0	347.14101259999995
85.0	347.14101259999995
87.0	347.2111801
89.0	347.28134769999997
91.0	347.3515152
93.0	347.3515152
95.0	347.2111801
97.0	347.0006851
99.0	346.9305176
101.0	346.9305176
103.0	346.9305176
105.0	346.79018249999996
107.0	346.79018249999996
109.0	346.79018249999996
111.0	346.7200226
113.0	346.50952759999996
115.0	346.43935999999997
117.0	346.43935999999997
119.0	346.3691925
121.0	346.15869749999996
123.0	346.08853
125.0	346.08853
127.0	345.9481949
129.0	345.80786739999996
131.0	345.80786739999996
133.0	345.66753229999995
135.0	345.5973648
137.0	345.52720489999996
139.0	345.66753229999995
141.0	345.5973648
143.0	345.3167099
145.0	345.17637479999996
147.0	345.1062073
149.0	345.1062073
151.0	345.03603969999995
153.0	344.9658798
155.0	345.03603969999995
157.0	345.03603969999995
159.0	345.17637479999996
161.0	345.24654239999995
163.0	345.3167099
165.0	345.1062073
167.0	345.1062073
169.0	345.24654239999995
171.0	345.3167099
173.0	345.24654239999995
175.0	345.17637479999996
177.0	345.17637479999996
179.0	345.3167099
181.0	345.4570374
183.0	345.52720489999996
185.0	345.66753229999995
187.0	345.66753229999995
189.0	345.52720489999996
191.0	345.52720489999996
193.0	345.5973648
195.0	345.52720489999996
197.0	345.3868698
199.0	345.4570374
201.0	345.3167099
203.0	345.1062073
205.0	344.9658798
207.0	344.89571229999996
209.0	344.545256
211.0	344.33476099999996
213.0	344.1242584
215.0	343.983931
217.0	343.9137634
219.0	343.7734283
221.0	343.4927658
223.0	343.3524384
225.0	343.29527889999997
227.0	343.21210329999997
229.0	343.21210329999997
231.0	343.21210329999997
233.0	343.2822708
235.0	343.3727707
237.0	343.4226059
239.0	343.4927658
241.0	343.70336
243.0	344.0546478
245.0	344.545256
247.0	344.6203217
249.0	344.47508849999997
251.0	344.6154236
253.0	344.8960785
255.0	345.03641359999995
257.0	345.3197159
259.0	345.3170761
261.0	345.5275787
263.0	345.80824129999996
265.0	346.1591858
267.0	346.29939879999995
269.0	346.2292313
271.0	346.2292313
273.0	346.5098938
275.0	346.72039639999997
277.0	346.7905563
279.0	346.93089139999995
281.0	347.1413864
283.0	347.001059
285.0	346.93089139999995
287.0	346.93089139999995
289.0	346.93089139999995
291.0	346.7905563
293.0	346.7905563
295.0	346.8607239
297.0	347.001059
299.0	347.07122649999997
301.0	347.001059
303.0	347.07122649999997
305.0	346.93089139999995
307.0	347.001059
309.0	346.93089139999995
311.0	347.001059
313.0	347.1413864
315.0	347.1413864
317.0	347.07122649999997
319.0	347.211554
321.0	347.35188139999997
323.0	347.211554
325.0	347.1413864
327.0	347.07122649999997
329.0	346.93089139999995
331.0	346.93089139999995
333.0	346.8607239
335.0	346.8607239
337.0	347.001059
339.0	347.211554
341.0	347.211554
343.0	347.2817215
345.0	346.93089139999995
347.0	346.7905563
349.0	346.72039639999997
351.0	346.72039639999997
353.0	346.72039639999997
355.0	346.7905563
357.0	346.7905563
359.0	346.6502289
361.0	346.5800613
363.0	346.6502289
365.0	346.7905563
367.0	347.001059
369.0	347.001059
371.0	346.7905563
373.0	346.6502289
375.0	346.43972629999996
377.0	346.43972629999996
379.0	346.5098938
381.0	346.6502289
383.0	346.5800613
385.0	346.5098938
387.0	346.43972629999996
389.0	346.3695663
391.0	346.29939879999995
393.0	346.1590637
395.0	346.0187363
397.0	346.0187363
399.0	346.1590637
401.0	346.1590637
403.0	345.8784088
405.0	345.80824129999996
407.0	345.9485687
409.0	345.9485687
411.0	345.9485687
413.0	345.9485687
415.0	345.9485687
417.0	345.80824129999996
419.0	345.66790619999995
421.0	345.59773859999996
423.0	345.59773859999996
425.0	345.7380737
427.0	345.7380737
429.0	345.7380737
431.0	345.7380737
433.0	345.59773859999996
435.0	345.5275787
437.0	345.5275787
439.0	345.5275787
441.0	345.387236
443.0	345.387236
445.0	345.3170761
447.0	345.387236
449.0	345.3170761
451.0	345.387236
453.0	345.45741119999997
455.0	345.387236
457.0	345.3170761
459.0	345.3170761
461.0	345.387236
463.0	345.45741119999997
465.0	345.3170761
467.0	345.2469086
469.0	345.17674869999996
471.0	345.17674869999996
473.0	345.10658109999997
475.0	345.17674869999996
477.0	345.2469086
479.0	345.10658109999997
481.0	344.82591859999997
483.0	344.6154236
485.0	344.545256
487.0	344.47508849999997
489.0	344.47508849999997
491.0	344.40492099999994
493.0	344.33476099999996
495.0	344.33476099999996
497.0	344.33476099999996
499.0	344.47508849999997
501.0	344.6855835
503.0	344.8960785
505.0	344.96624599999996
507.0	344.8960785
509.0	344.82591859999997
511.0	344.82591859999997
513.0	344.82591859999997
515.0	345.03641359999995
517.0	345.2469086
519.0	345.3170761
521.0	345.3170761
523.0	345.387236
525.0	345.5275787
527.0	345.59773859999996
529.0	345.7380737
531.0	346.0187363
533.0	346.1590637
535.0	346.2292313
537.0	346.29939879999995
539.0	346.43972629999996
541.0	346.5098938
543.0	346.5800613
545.0	346.5800613
547.0	346.6502289
549.0	346.8607239
551.0	346.8607239
553.0	346.7905563
555.0	346.8607239
557.0	346.93089139999995
559.0	346.93089139999995
561.0	347.211554
563.0	347.35188139999997
565.0	347.1413864
567.0	347.001059
569.0	347.001059
571.0	347.211554
573.0	347.2817215
575.0	347.35188139999997
577.0	347.4922165
579.0	347.4922165
581.0	347.4922165
583.0	347.42204899999996
585.0	347.56238399999995
587.0	347.772879
589.0	347.63255159999994
591.0	347.4922165
593.0	347.35188139999997
595.0	347.35188139999997
597.0	347.56238399999995
599.0	347.4922165
601.0	347.42204899999996
603.0	347.3497452
605.0	347.5620102
607.0	347.7023453
609.0	347.77251279999996
611.0	347.8426727
613.0	347.63217769999994
615.0	347.4918427
617.0	347.3515152
619.0	347.3515152
621.0	347.3515152
623.0	347.42168269999996
625.0	347.5620102
627.0	347.4918427
629.0	347.42168269999996
631.0	347.28134769999997
633.0	347.3515152
635.0	347.42168269999996
637.0	347.63217769999994
639.0	347.7023453
641.0	347.7023453
643.0	347.7023453
645.0	347.63217769999994
647.0	347.28134769999997
649.0	347.14101259999995
651.0	347.0006851
653.0	347.0708527
655.0	347.2111801
657.0	347.28134769999997
659.0	347.2111801
661.0	347.2111801
663.0	347.2111801
665.0	347.3515152
667.0	347.2111801
669.0	347.0006851
671.0	346.86035
673.0	346.649855
675.0	346.5796951
677.0	346.5796951
679.0	346.64302669999995
681.0	346.71691739999994
683.0	346.649855
685.0	346.6994919
687.0	346.71108089999996
689.0	346.9303955
691.0	346.9837936
693.0	346.86035
695.0	346.649855
697.0	346.5796951
699.0	346.50952759999996
701.0	346.50952759999996
703.0	346.55982059999997
705.0	346.649855
707.0	346.79018249999996
709.0	346.7814926
711.0	346.50952759999996
713.0	346.4907669
715.0	346.50952759999996
717.0	346.50952759999996
719.0	346.3691925
721.0	346.299025
723.0	346.43253169999997
725.0	346.57856599999997
727.0	346.5796951
729.0	346.6484589
731.0	346.633551
733.0	346.5796951
735.0	346.50952759999996
737.0	346.4174103
739.0	346.36733089999996
741.0	346.3525528
743.0	346.4309143
745.0	346.543959
747.0	346.71679529999994
749.0	346.57894739999995
751.0	346.4093689
753.0	346.4330582
755.0	346.5079025
757.0	346.42060699999996
759.0	346.43935999999997
761.0	346.22563019999996
763.0	346.08710329999997
765.0	346.0790543
767.0	346.08530269999994
769.0	346.07194369999996
771.0	346.08853
773.0	346.08853
775.0	346.15869749999996
777.0	346.15869749999996
779.0	346.2288651
781.0	346.3691925
783.0	346.3691925
785.0	346.29291379999995
787.0	346.3691925
789.0	346.43935999999997
791.0	346.50952759999996
793.0	346.649855
795.0	346.43935999999997
797.0	346.299025
799.0	346.3691925
801.0	346.3691925
803.0	346.299025
805.0	346.299025
807.0	346.43935999999997
809.0	346.5796951
811.0	346.649855
813.0	346.5796951
815.0	346.5796951
817.0	346.50952759999996
819.0	346.43935999999997
821.0	346.299025
823.0	346.2288651
825.0	346.08853
827.0	346.15869749999996
829.0	346.299025
831.0	346.3691925
833.0	346.15869749999996
835.0	346.15869749999996
837.0	346.15869749999996
839.0	346.299025
841.0	346.2288651
843.0	346.08853
845.0	345.9481949
847.0	345.9481949
849.0	346.08853
851.0	346.2288651
853.0	346.299025
855.0	346.43935999999997
857.0	346.3691925
859.0	346.2288651
861.0	346.15869749999996
863.0	346.00786439999996
865.0	345.9481949
867.0	345.87803499999995
869.0	345.9462036
871.0	346.0183624
873.0	346.0183624
875.0	346.15869749999996
877.0	346.15869749999996
879.0	346.15869749999996
881.0	346.0183624
883.0	346.08853
885.0	346.0183624
887.0	346.0183624
889.0	346.08853
891.0	346.299025
893.0	346.299025
895.0	346.2288651
897.0	346.2288651
899.0	346.15769809999995
901.0	346.08853
903.0	346.0180496
905.0	346.08740839999996
907.0	346.08853
909.0	346.0167755
911.0	345.8632568
913.0	345.79684299999997
915.0	345.8759827
917.0	345.9481949
919.0	346.14379729999996
921.0	346.22498169999994
923.0	346.1585983
925.0	346.1402573
927.0	346.15851439999994
929.0	346.08853
931.0	346.0766357
933.0	346.0134567
935.0	345.9351562
937.0	345.87803499999995
939.0	345.7873444
941.0	345.87803499999995
943.0	345.87803499999995
945.0	346.0183624
947.0	346.2288651
949.0	346.85712279999996
951.0	347.4905991
953.0	348.1935028
955.0	348.3338303
957.0	348.40399779999996
959.0	348.38922729999996
961.0	348.4741653
963.0	348.54432529999997
965.0	348.4741653
967.0	348.47316589999997
969.0	348.7548279
971.0	349.03549039999996
973.0	348.8249954
975.0	348.5956787
977.0	348.1766113
979.0	347.9079346
981.0	347.7023453
983.0	347.3515152
985.0	347.1220154
987.0	346.8422531
989.0	346.9300217
991.0	346.6915802
993.0	346.61977229999997
995.0	346.4827332
997.0	346.4350113
999.0	346.14162289999996
1001.0	345.70941769999996
1003.0	345.5971512
1005.0	345.5110535
1007.0	345.38295589999996
1009.0	345.16992029999994
1011.0	345.1689209
1013.0	345.0008911
1015.0	344.8161072
1017.0	344.65584409999997
1019.0	344.61126559999997
1021.0	344.5155167
1023.0	344.6150497
1025.0	344.47273099999995
1027.0	344.4733185
1029.0	344.4722885
1031.0	344.3340134
1033.0	344.2639069
1035.0	344.1940216
1037.0	344.2635635
1039.0	344.3301605
1041.0	344.3342957
1043.0	344.3109497
1045.0	344.24236149999996
1047.0	344.2561783
1049.0	344.2568573
1051.0	344.2572922
1053.0	344.3320831
1055.0	344.3736633
1057.0	344.3900208
1059.0	344.40321959999994
1061.0	344.4018463
1063.0	344.3730682
1065.0	344.4541
1067.0	344.44383089999997
1069.0	344.2993759
1071.0	344.245932
1073.0	344.2531952
1075.0	344.1830048
1077.0	343.9553055
1079.0	343.8308929
1081.0	343.74046169999997
1083.0	343.67346799999996
1085.0	343.4753174
1087.0	343.19241939999995
1089.0	343.10772549999996
1091.0	342.9840378
1093.0	342.91331329999997
1095.0	342.7729477
1097.0	342.6182465
1099.0	342.57148589999997
1101.0	342.50501099999997
1103.0	342.4829086
1105.0	342.4203857
1107.0	342.47623289999996
1109.0	342.47418819999996
1111.0	342.5573639
1113.0	342.62737119999997
1115.0	342.7795929
1117.0	342.77924959999996
1119.0	342.7169708
1121.0	342.63439029999995
1123.0	342.5450958
1125.0	342.5443481
1127.0	342.4764542
1129.0	342.54466859999997
1131.0	342.55863039999997
1133.0	342.5712418
1135.0	342.69238129999997
1137.0	342.6208176
1139.0	342.4742493
1141.0	342.41128389999994
1143.0	342.26930849999997
1145.0	342.4171814
1147.0	342.55055849999997
1149.0	342.7893051
1151.0	342.96534579999997
1153.0	343.273085
1155.0	343.49140009999996
1157.0	343.48242799999997
1159.0	343.54262389999997
1161.0	343.56256709999997
1163.0	343.8395905
1165.0	344.0416168
1167.0	344.11360779999995
1169.0	344.19246519999996
1171.0	344.4741577
1173.0	344.74457399999994
1175.0	344.8255524
1177.0	344.8759674
1179.0	344.81989139999996
1181.0	345.4391617
1183.0	345.9481949
1185.0	346.0172409
1187.0	345.87803499999995
1189.0	346.2288651
1191.0	346.63982999999996
1193.0	347.0708527
1195.0	346.9305176
1197.0	346.7180313
1199.0	347.1312698
1201.0	347.9667343
1203.0	348.23926389999997
1205.0	347.7715134
1207.0	347.9050125
1209.0	348.6140579
1211.0	349.50377499999996
1213.0	349.52516019999996
1215.0	349.0778107
1217.0	349.08790439999996
1219.0	348.95054469999997
1221.0	349.31527559999995
1223.0	349.94665369999996
1225.0	350.3650421
1227.0	350.36016689999997
1229.0	350.78963319999997
1231.0	351.1397232
1233.0	351.0703033
1235.0	351.77195589999997
1237.0	351.5614609
1239.0	351.47588959999996
1241.0	352.1929535
1243.0	352.6136307
1245.0	352.53403319999995
1247.0	352.60711519999995
1249.0	353.03494109999997
1251.0	353.31383359999995
1253.0	353.66643369999997
1255.0	353.7365936
1257.0	353.1734375
1259.0	353.302626
1261.0	354.08717959999996
1263.0	354.775946
1265.0	354.57725369999997
1267.0	354.290976
1269.0	354.7102875
1271.0	354.9036392
1273.0	354.85925139999995
1275.0	354.99908289999996
1277.0	355.4205841
1279.0	355.47385249999996
1281.0	355.4882568
1283.0	356.1803574
1285.0	355.7714066
1287.0	355.7714066
1289.0	356.1899704
1291.0	356.4028992
1293.0	355.98190919999996
1295.0	356.26256409999996
1297.0	356.8133911
1299.0	356.4730667
1301.0	357.0343918
1303.0	357.1045593
1305.0	357.0343918
1307.0	357.3150543
1309.0	357.52554929999997
1311.0	357.8062119
1313.0	357.52554929999997
1315.0	357.4553818
1317.0	357.3852219
1319.0	357.6658844
1321.0	357.3852219
1323.0	356.82389679999994
1325.0	356.61339419999996
1327.0	356.0520691
1329.0	355.4205841
1331.0	355.06726679999997
1333.0	354.2979263
1335.0	353.7365936
1337.0	353.38577119999997
1339.0	352.89460599999995
1341.0	352.473616
1343.0	352.0526184
1345.0	351.63162079999995
1347.0	351.198584
1349.0	350.85942689999996
1351.0	350.4236511
1353.0	349.78806149999997
1355.0	349.2234253
1357.0	348.8249954
1359.0	348.18567499999995
1361.0	347.5620102
1363.0	347.1078323
1365.0	346.85777129999997
1367.0	346.63402399999995
1369.0	346.77779999999996
1371.0	346.9207672
1373.0	346.92803799999996
1375.0	346.7831711
1377.0	346.6857208
1379.0	346.7663788
1381.0	346.845755
1383.0	346.63519899999994
1385.0	346.7839722
1387.0	346.7732986
1389.0	346.7018875
1391.0	346.3366913
1393.0	346.13519899999994
1395.0	346.13389429999995
1397.0	345.9208435
1399.0	345.9947952
1401.0	345.9947952
1403.0	345.8763565
1405.0	345.5744919
1407.0	345.5807251
1409.0	345.6377548
1411.0	345.567099
1413.0	345.02250519999996
1415.0	344.87227479999996
1417.0	344.68490449999996
1419.0	344.5444473
1421.0	344.30734099999995
1423.0	344.02223819999995
1425.0	343.77306209999995
1427.0	343.77306209999995
1429.0	343.4222321
1431.0	343.3520645
1433.0	343.3520645
1435.0	343.34948579999997
1437.0	343.0616516
1439.0	342.7907394
1441.0	342.6305374
1443.0	342.58024439999997
1445.0	342.4399094
1447.0	342.3692459
1449.0	342.0890793
1451.0	341.94875179999997
1453.0	341.9318604
1455.0	342.01891939999996
1457.0	341.8753571
1459.0	341.72747649999997
1461.0	341.59021609999996
1463.0	341.5979218
1465.0	341.5979218
1467.0	341.7382492
1469.0	341.80841669999995
1471.0	341.87858429999994
1473.0	341.94875179999997
1475.0	342.01891939999996
1477.0	342.0890793
1479.0	342.1592468
1481.0	342.21966399999997
1483.0	342.3697418
1485.0	342.4399094
1487.0	342.4399094
1489.0	342.4399094
1491.0	342.3697418
TERM
