SR1 T_liq
1.0	528.23
3.0	528.16
5.0	528.16
7.0	528.23
9.0	528.16
11.0	528.0899999999999
13.0	528.0899999999999
15.0	528.16
17.0	528.16
19.0	528.16
21.0	528.0899999999999
23.0	528.01
25.0	528.0899999999999
27.0	528.0899999999999
29.0	528.01
31.0	528.01
33.0	528.16
35.0	528.01
37.0	527.9399999999999
39.0	528.01
41.0	528.03
43.0	527.95
45.0	527.96
47.0	527.96
49.0	527.9
51.0	527.8299999999999
53.0	527.8299999999999
55.0	527.91
57.0	527.8299999999999
59.0	527.6899999999999
61.0	527.62
63.0	527.55
65.0	527.26
67.0	527.12
69.0	526.9
71.0	526.6899999999999
73.0	526.55
75.0	526.26
77.0	526.26
79.0	526.1899999999999
81.0	526.48
83.0	526.62
85.0	526.6899999999999
87.0	526.76
89.0	526.8299999999999
91.0	526.98
93.0	526.97
95.0	527.05
97.0	527.05
99.0	527.12
101.0	527.1899999999999
103.0	527.1899999999999
105.0	527.26
107.0	527.25
109.0	527.25
111.0	527.26
113.0	527.3299999999999
115.0	527.3299999999999
117.0	527.3299999999999
119.0	527.4
121.0	527.41
123.0	527.25
125.0	527.3299999999999
127.0	527.3299999999999
129.0	527.3299999999999
131.0	527.4
133.0	527.4
135.0	527.41
137.0	527.41
139.0	527.39
141.0	527.41
143.0	527.41
145.0	527.41
147.0	527.41
149.0	527.41
151.0	527.41
153.0	527.41
155.0	527.38
157.0	527.41
159.0	527.41
161.0	527.4
163.0	527.1899999999999
165.0	527.26
167.0	527.4
169.0	527.3299999999999
171.0	527.26
173.0	527.3299999999999
175.0	527.3199999999999
177.0	527.3299999999999
179.0	527.18
181.0	527.3299999999999
183.0	527.03
185.0	527.23
187.0	527.02
189.0	527.23
191.0	527.23
193.0	527.11
195.0	527.0799999999999
197.0	527.0899999999999
199.0	526.87
201.0	527.01
203.0	526.95
205.0	526.8
207.0	526.9399999999999
209.0	526.73
211.0	526.87
213.0	526.8
215.0	526.73
217.0	526.23
219.0	526.8
221.0	526.51
223.0	526.51
225.0	526.5799999999999
227.0	526.37
229.0	526.51
231.0	526.37
233.0	526.15
235.0	526.51
237.0	525.87
239.0	525.65
241.0	526.3
243.0	526.15
245.0	525.9399999999999
247.0	526.0799999999999
249.0	525.72
251.0	525.9399999999999
253.0	525.65
255.0	525.87
257.0	525.51
259.0	525.72
261.0	525.65
263.0	525.5799999999999
265.0	525.5799999999999
267.0	525.37
269.0	525.4399999999999
271.0	525.4399999999999
273.0	525.3
275.0	525.22
277.0	525.0799999999999
279.0	525.0799999999999
281.0	525.15
283.0	524.87
285.0	524.5799999999999
287.0	525.01
289.0	524.15
291.0	524.79
293.0	524.5799999999999
295.0	524.37
297.0	524.29
299.0	524.65
301.0	523.79
303.0	524.4399999999999
305.0	523.79
307.0	524.37
309.0	524.15
311.0	524.15
313.0	524.01
315.0	524.15
317.0	524.01
319.0	523.79
321.0	523.79
323.0	523.79
325.0	523.51
327.0	523.51
329.0	523.5799999999999
331.0	523.0799999999999
333.0	523.51
335.0	523.36
337.0	523.01
339.0	523.22
341.0	523.0799999999999
343.0	522.79
345.0	522.93
347.0	522.86
349.0	522.43
351.0	522.51
353.0	522.72
355.0	522.5799999999999
357.0	522.51
359.0	522.36
361.0	522.22
363.0	522.15
365.0	521.93
367.0	522.0799999999999
369.0	521.86
371.0	521.93
373.0	521.79
375.0	521.72
377.0	521.5699999999999
379.0	521.5699999999999
381.0	521.43
383.0	521.29
385.0	521.36
387.0	521.29
389.0	521.22
391.0	521.0699999999999
393.0	521.0
395.0	520.14
397.0	520.14
399.0	520.72
401.0	520.5
403.0	520.5699999999999
405.0	520.43
407.0	520.5
409.0	520.43
411.0	520.43
413.0	520.14
415.0	520.14
417.0	520.0
419.0	520.0
421.0	519.93
423.0	519.93
425.0	519.71
427.0	519.64
429.0	519.43
431.0	519.29
433.0	519.5
435.0	519.29
437.0	519.0
439.0	519.29
441.0	519.14
443.0	519.0
445.0	518.93
447.0	518.93
449.0	518.71
451.0	518.5699999999999
453.0	518.71
455.0	518.36
457.0	518.36
459.0	518.14
461.0	518.21
463.0	517.78
465.0	518.0699999999999
467.0	517.8499999999999
469.0	516.18
471.0	517.42
473.0	517.71
475.0	516.91
477.0	517.42
479.0	516.99
481.0	517.05
483.0	517.28
485.0	516.8499999999999
487.0	516.5999999999999
489.0	516.9
491.0	509.87
493.0	515.96
495.0	516.18
497.0	515.74
499.0	516.48
501.0	515.4399999999999
503.0	516.26
505.0	515.87
507.0	515.3
509.0	515.81
511.0	514.79
513.0	515.21
515.0	515.89
517.0	514.79
519.0	514.79
521.0	515.38
523.0	514.86
525.0	515.16
527.0	514.9399999999999
529.0	514.86
531.0	514.3499999999999
533.0	513.6899999999999
535.0	514.42
537.0	513.25
539.0	513.6899999999999
541.0	514.06
543.0	513.8399999999999
545.0	513.62
547.0	511.55999999999995
549.0	513.6899999999999
551.0	513.03
553.0	512.81
555.0	513.03
557.0	513.3199999999999
559.0	512.5899999999999
561.0	512.5899999999999
563.0	513.0999999999999
565.0	512.96
567.0	512.81
569.0	511.78
571.0	512.52
573.0	512.66
575.0	512.3
577.0	512.4399999999999
579.0	510.61
581.0	511.41999999999996
583.0	511.49
585.0	511.27
587.0	511.86
589.0	511.64
591.0	510.83
593.0	511.2
595.0	511.49
597.0	511.2
599.0	511.04999999999995
601.0	511.12
603.0	510.9
605.0	510.26
607.0	510.84999999999997
609.0	510.71999999999997
611.0	510.65
613.0	510.65
615.0	509.99
617.0	509.77
619.0	510.05999999999995
621.0	509.77
623.0	509.90999999999997
625.0	510.05999999999995
627.0	509.31999999999994
629.0	509.77
631.0	509.4
633.0	509.62
635.0	509.25
637.0	507.92999999999995
639.0	509.09999999999997
641.0	509.09999999999997
643.0	509.03
645.0	508.96
647.0	508.59
649.0	508.21999999999997
651.0	508.21999999999997
653.0	508.59
655.0	508.0
657.0	508.0
659.0	508.08
661.0	508.37
663.0	507.55999999999995
665.0	507.78
667.0	507.92999999999995
669.0	507.41999999999996
671.0	507.92999999999995
673.0	507.78
675.0	507.78
677.0	507.41999999999996
679.0	507.2
681.0	507.27
683.0	507.55999999999995
685.0	507.04999999999995
687.0	507.04999999999995
689.0	506.98
691.0	506.76
693.0	506.53999999999996
695.0	507.04999999999995
697.0	506.7
699.0	506.61
701.0	505.95
703.0	505.73
705.0	505.96999999999997
707.0	505.73
709.0	506.31999999999994
711.0	505.74
713.0	505.51
715.0	505.88
717.0	505.51
719.0	505.65999999999997
721.0	505.28999999999996
723.0	505.15
725.0	504.79999999999995
727.0	505.36
729.0	505.21999999999997
731.0	505.21999999999997
733.0	504.55999999999995
735.0	504.95
737.0	504.55999999999995
739.0	504.55999999999995
741.0	504.13
743.0	504.21
745.0	504.48
747.0	503.84
749.0	503.75
751.0	504.03999999999996
753.0	503.40999999999997
755.0	504.13
757.0	503.83
759.0	503.99
761.0	503.9
763.0	503.67999999999995
765.0	503.75
767.0	502.73
769.0	503.02
771.0	502.96
773.0	502.51
775.0	503.15999999999997
777.0	502.58
779.0	503.02
781.0	502.37
783.0	502.89
785.0	502.73
787.0	502.58
789.0	502.74
791.0	502.36
793.0	502.30999999999995
795.0	502.08
797.0	502.21
799.0	502.09999999999997
801.0	502.24
803.0	475.06999999999994
805.0	500.33
807.0	501.17999999999995
809.0	501.34
811.0	499.74
813.0	501.26
815.0	500.30999999999995
817.0	501.21
819.0	501.48
821.0	500.15999999999997
823.0	501.06999999999994
825.0	500.84999999999997
827.0	500.59999999999997
829.0	500.55999999999995
831.0	500.96999999999997
833.0	500.84
835.0	500.46999999999997
837.0	495.02
839.0	500.02
841.0	499.96999999999997
843.0	500.12
845.0	500.34
847.0	500.03999999999996
849.0	500.24
851.0	500.11
853.0	499.59999999999997
855.0	499.45
857.0	500.03999999999996
859.0	499.81999999999994
861.0	499.36
863.0	492.25
865.0	498.86
867.0	499.15999999999997
869.0	499.38
871.0	498.21
873.0	498.98
875.0	499.02
877.0	498.93999999999994
879.0	499.24
881.0	499.06999999999994
883.0	497.66999999999996
885.0	498.68999999999994
887.0	498.54999999999995
889.0	498.63
891.0	498.03999999999996
893.0	498.03
895.0	498.4
897.0	498.25
899.0	498.33
901.0	498.39
903.0	498.16999999999996
905.0	497.01
907.0	497.9
909.0	497.67999999999995
911.0	497.88
913.0	497.74
915.0	497.90999999999997
917.0	496.78999999999996
919.0	497.52
921.0	497.62
923.0	497.66999999999996
925.0	497.4
927.0	495.25
929.0	491.09
931.0	405.61
933.0	405.30999999999995
935.0	406.02
937.0	406.74
939.0	378.55999999999995
941.0	379.2
943.0	379.05999999999995
945.0	377.7
947.0	372.13
949.0	371.34999999999997
951.0	370.63
953.0	368.78
955.0	366.07
957.0	367.49
959.0	392.90999999999997
961.0	364.57
963.0	378.77
965.0	380.13
967.0	375.99
969.0	370.91999999999996
971.0	364.0
973.0	362.78
975.0	356.78999999999996
977.0	354.5
979.0	358.5
981.0	354.0
983.0	354.28999999999996
985.0	354.57
987.0	354.14
989.0	353.5
991.0	354.07
993.0	353.57
995.0	352.78999999999996
997.0	352.78999999999996
999.0	353.57
1001.0	352.92999999999995
1003.0	352.85999999999996
1005.0	353.28999999999996
1007.0	352.85999999999996
1009.0	353.28999999999996
1011.0	352.35999999999996
1013.0	352.5
1015.0	352.65
1017.0	352.57
1019.0	352.42999999999995
1021.0	353.07
1023.0	352.28999999999996
1025.0	352.28999999999996
1027.0	353.0
1029.0	353.35999999999996
1031.0	353.35999999999996
1033.0	352.71999999999997
1035.0	352.92999999999995
1037.0	352.57
1039.0	352.78999999999996
1041.0	352.5
1043.0	353.21999999999997
1045.0	352.85999999999996
1047.0	352.65
1049.0	352.71999999999997
1051.0	352.78999999999996
1053.0	352.57
1055.0	352.57
1057.0	352.15
1059.0	352.21999999999997
1061.0	351.78999999999996
1063.0	352.57
1065.0	352.92999999999995
1067.0	353.15
1069.0	352.92999999999995
1071.0	352.85999999999996
1073.0	353.57
1075.0	353.57
1077.0	353.57
1079.0	353.71999999999997
1081.0	353.64
1083.0	352.65
1085.0	353.35999999999996
1087.0	352.78999999999996
1089.0	352.65
1091.0	351.85999999999996
1093.0	352.57
1095.0	352.5
1097.0	351.28999999999996
1099.0	351.0
1101.0	351.07
1103.0	351.07
1105.0	351.57
1107.0	351.0
1109.0	350.58
1111.0	350.71999999999997
1113.0	351.0
1115.0	351.28999999999996
1117.0	351.21999999999997
1119.0	350.78999999999996
1121.0	350.71999999999997
1123.0	351.42999999999995
1125.0	350.78999999999996
1127.0	350.42999999999995
1129.0	350.85999999999996
1131.0	350.85999999999996
1133.0	350.21999999999997
1135.0	350.5
1137.0	350.21999999999997
1139.0	350.5
1141.0	349.78999999999996
1143.0	350.28999999999996
1145.0	350.71999999999997
1147.0	350.07
1149.0	350.21999999999997
1151.0	350.5
1153.0	349.71999999999997
1155.0	350.0
1157.0	350.0
1159.0	349.71999999999997
1161.0	350.28999999999996
1163.0	351.07
1165.0	352.35999999999996
1167.0	351.78999999999996
1169.0	350.92999999999995
1171.0	349.42999999999995
1173.0	348.58
1175.0	348.71999999999997
1177.0	348.85999999999996
1179.0	348.35999999999996
1181.0	347.78999999999996
1183.0	348.15
1185.0	347.71999999999997
1187.0	347.28999999999996
1189.0	347.08
1191.0	347.01
1193.0	346.85999999999996
1195.0	347.21999999999997
1197.0	347.15
1199.0	346.85999999999996
1201.0	347.78999999999996
1203.0	347.85999999999996
1205.0	347.15
1207.0	347.21999999999997
1209.0	346.85999999999996
1211.0	346.65
1213.0	346.71999999999997
1215.0	346.85999999999996
1217.0	346.58
1219.0	346.51
1221.0	346.58
1223.0	346.42999999999995
1225.0	346.28999999999996
1227.0	346.35999999999996
1229.0	346.51
1231.0	346.28999999999996
1233.0	346.21999999999997
1235.0	346.65
1237.0	346.42999999999995
1239.0	346.51
1241.0	346.65
1243.0	346.65
1245.0	346.78999999999996
1247.0	346.92999999999995
1249.0	347.21999999999997
1251.0	347.28999999999996
1253.0	347.58
1255.0	347.51
1257.0	347.58
1259.0	348.15
1261.0	348.08
1263.0	348.08
1265.0	348.28999999999996
1267.0	348.51
1269.0	348.85999999999996
1271.0	348.78999999999996
1273.0	349.28999999999996
1275.0	349.28999999999996
1277.0	349.08
1279.0	349.35999999999996
1281.0	349.42999999999995
1283.0	349.35999999999996
1285.0	349.42999999999995
1287.0	349.85999999999996
1289.0	349.85999999999996
1291.0	349.85999999999996
1293.0	349.71999999999997
1295.0	350.15
1297.0	350.15
1299.0	350.21999999999997
1301.0	350.42999999999995
1303.0	350.65
1305.0	350.71999999999997
1307.0	350.5
1309.0	351.0
1311.0	350.92999999999995
1313.0	351.08
1315.0	351.08
1317.0	351.35999999999996
1319.0	351.65
1321.0	351.85999999999996
1323.0	352.07
1325.0	352.0
1327.0	352.21999999999997
1329.0	352.15
1331.0	352.58
1333.0	352.65
1335.0	353.0
1337.0	353.0
1339.0	353.21999999999997
1341.0	353.15
1343.0	353.28999999999996
1345.0	353.28999999999996
1347.0	353.71999999999997
1349.0	353.92999999999995
1351.0	353.87
1353.0	353.94
1355.0	354.09
1357.0	354.29999999999995
1359.0	354.25
1361.0	354.59999999999997
1363.0	354.67999999999995
1365.0	354.95
1367.0	355.25
1369.0	355.24
1371.0	355.32
1373.0	355.30999999999995
1375.0	355.32
1377.0	355.89
1379.0	355.96
1381.0	355.89
1383.0	356.03999999999996
1385.0	356.25
1387.0	356.25
1389.0	356.32
1391.0	356.60999999999996
1393.0	356.53999999999996
1395.0	356.60999999999996
1397.0	356.67999999999995
1399.0	356.60999999999996
1401.0	356.60999999999996
1403.0	356.53999999999996
1405.0	356.60999999999996
1407.0	356.53999999999996
1409.0	356.39
1411.0	356.39
1413.0	356.25
1415.0	355.96
1417.0	355.89
1419.0	355.82
1421.0	355.67999999999995
1423.0	355.39
1425.0	355.39
1427.0	355.17999999999995
1429.0	355.03999999999996
1431.0	354.53999999999996
1433.0	354.17999999999995
1435.0	354.25
1437.0	354.03999999999996
1439.0	353.60999999999996
1441.0	353.32
1443.0	353.32
1445.0	353.17999999999995
1447.0	353.03999999999996
1449.0	352.9
1451.0	352.4
1453.0	352.32
1455.0	352.46999999999997
1457.0	351.82
1459.0	352.25
1461.0	351.60999999999996
1463.0	351.53999999999996
1465.0	351.60999999999996
1467.0	351.46999999999997
1469.0	351.17999999999995
1471.0	350.9
1473.0	350.60999999999996
1475.0	350.46999999999997
1477.0	350.32
1479.0	350.4
1481.0	350.17999999999995
1483.0	349.89
1485.0	350.03
1487.0	350.09999999999997
1489.0	350.09999999999997
1491.0	350.09
TERM
