SR1 table
307.141663
307.141663
307.141663
307.070221
307.070221
306.99881
306.99881
306.99881
306.927368
306.927368
306.855957
306.784546
306.784546
306.784546
306.784546
306.713135
306.713135
306.641693
306.570282
306.570282
306.570282
306.570282
306.570282
306.498871
306.42746
306.42746
306.42746
306.356018
306.356018
306.356018
306.356018
306.284607
306.213196
306.213196
306.141785
306.141785
306.141785
306.070343
306.070343
306.070343
305.998932
305.998932
305.998932
305.927521
305.911011
305.927124
305.855713
305.855713
305.855713
305.784302
305.855713
305.784302
305.784302
305.71286
305.71286
305.71286
305.641449
305.641449
305.570038
305.641449
305.498627
305.498627
305.498627
305.498627
305.498627
305.427185
305.427185
305.427185
305.427185
305.427185
305.355774
305.355774
305.284363
305.284363
305.284363
305.284363
305.284363
305.284363
305.212952
305.212952
305.212952
305.212952
305.14151
305.14151
305.14151
305.14151
305.14151
305.14151
305.14151
305.14151
305.070099
305.070099
305.070099
305.070099
305.070099
305.070099
304.998688
304.998688
304.998688
304.998688
304.998688
304.998688
304.998688
304.927277
304.998688
304.998688
304.998688
304.927277
304.927277
304.927277
304.927277
304.998688
304.998688
304.927277
304.927277
304.927277
304.927277
304.998688
304.998688
304.998688
304.998688
305.070099
304.998688
304.998688
304.998688
304.998688
304.998688
304.998688
304.998688
304.998688
304.998688
305.070099
305.14151
305.14151
305.14151
305.14151
305.14151
305.14151
305.212952
305.14151
305.14151
305.14151
305.212952
305.14151
305.212952
305.212952
305.212952
305.212952
305.212952
305.212952
305.284363
305.284363
305.284363
305.355774
305.355774
305.355774
305.355774
305.427185
305.427185
305.413269
305.427002
305.498627
305.498627
305.486633
305.498627
305.562714
305.568726
305.641449
305.641449
305.641449
305.641449
305.71286
305.784302
305.855713
305.855713
305.784302
305.855713
305.855713
305.927124
305.927124
305.927124
305.927124
305.998535
306.069977
306.069977
306.141388
306.212799
306.212799
306.141388
306.212799
306.284241
306.355652
306.355652
306.355652
306.427063
306.427063
306.498474
306.569916
306.569916
306.569916
306.641327
306.641327
306.694885
306.784149
306.927002
306.927002
306.855591
306.927002
306.998413
307.069824
307.069824
307.069824
307.069824
307.141296
307.212708
307.35553
307.354401
307.35553
307.426971
307.426971
307.426971
307.498383
307.569794
307.569794
307.641205
307.641205
307.641205
307.712646
307.855469
307.92688
307.92688
307.855469
307.92688
307.998322
308.069733
308.141144
308.141144
308.212585
308.283997
308.283997
308.355408
308.49826
308.569672
308.569672
308.569672
308.641083
308.712494
308.783936
308.855347
308.855347
308.855347
308.926758
308.926758
309.069611
309.212433
309.212433
309.212433
309.212433
309.283875
309.426697
309.426697
309.498108
309.426697
309.56955
309.640961
309.712372
309.855225
309.783783
309.855225
309.855225
309.926636
309.998047
310.212311
310.212311
310.212311
310.283722
310.355133
310.426575
310.426575
310.569397
310.569397
310.569397
310.640839
310.783661
310.855072
310.855072
310.926514
310.997925
311.069336
311.140778
311.212189
311.2836
311.355011
311.355011
311.497864
311.569275
311.639038
311.712128
311.712128
311.783539
311.85495
311.997803
311.997803
312.069214
312.212036
312.283478
312.283478
312.280487
312.497742
312.565704
312.640564
312.640564
312.711975
312.854828
312.926239
312.99765
312.99765
313.140198
313.211914
313.211914
313.283325
313.354767
313.569031
313.569031
313.640442
313.640442
313.633636
313.783264
313.997528
314.068939
314.068939
314.068939
314.211792
314.28302
314.426056
314.568878
314.497467
314.568787
314.640289
314.640289
314.780396
314.921661
314.974915
314.911469
314.986206
315.109619
315.335419
315.468231
315.537811
315.468048
315.486755
315.626648
315.696564
315.957001
315.956543
315.96225
316.041534
316.101898
316.184814
316.317352
316.381409
316.465576
316.463867
316.535126
316.603943
316.742981
316.88501
316.946838
316.954926
317.024841
317.09259
317.234558
317.295563
317.443848
317.431427
317.514221
317.582977
317.714966
317.781494
317.907532
318.056
318.113678
318.200348
318.197144
318.327637
318.489532
318.533966
318.632751
318.679321
318.69339
318.842468
318.980774
319.052216
319.121399
319.171906
319.252045
319.400055
319.536926
319.511017
319.606781
319.74762
319.80722
319.876678
319.957367
320.100861
320.149628
320.293152
320.294861
320.380188
320.518585
320.632294
320.703339
320.696564
320.865051
321.009583
320.975708
321.117493
321.135742
321.257599
321.351624
321.469849
321.555908
321.610352
321.755676
321.819397
321.89978
322.026825
322.027374
322.192627
322.241333
322.391571
322.534637
322.665497
322.67215
322.725494
322.812775
323.00415
323.091064
323.142883
323.295013
323.433075
323.42627
323.509857
323.720703
323.862335
323.924225
324.006226
324.063507
324.128448
324.270447
324.355133
324.412415
324.546295
324.611023
324.758881
324.82074
324.890656
325.030457
325.170288
325.240204
325.31012
325.380005
325.529053
325.676575
325.804199
325.869385
325.886292
326.009918
326.149139
326.288849
326.358734
326.431061
326.509674
326.639923
326.708282
326.848114
326.91803
327.058929
327.127747
327.267761
327.407379
327.477295
327.547211
327.629395
327.756927
327.903259
327.966644
328.106476
328.250977
328.325714
328.386108
328.456024
328.595825
328.735779
328.875488
328.94577
329.015289
329.085205
329.294922
329.434753
329.504669
329.574554
329.658173
329.714386
329.854218
329.994019
330.13385
330.276062
330.273651
330.343567
330.413483
330.627411
330.763031
330.832947
330.923767
330.902832
331.114319
331.182495
331.322296
331.393585
331.532013
331.616455
331.671844
331.74176
331.881592
332.021423
332.092041
332.161224
332.23114
332.301056
332.510773
332.650604
332.650604
332.72052
332.930237
333.070038
333.139954
333.279785
333.419586
333.489655
333.629333
333.699249
333.83905
333.978882
334.118683
334.188599
334.188599
334.258514
334.468231
334.538147
334.747864
334.747864
334.81778
334.957611
335.097412
335.167328
335.307159
335.377045
335.516876
335.586792
335.726593
335.866425
336.006226
336.076141
336.146057
336.285889
336.355774
336.495605
336.70575
336.775238
336.775238
336.845154
337.070129
337.194702
337.264618
337.404419
337.474335
337.54425
337.614197
337.753967
337.893799
338.033752
338.173431
338.243347
338.313232
338.458588
338.592896
338.732697
338.73645
338.872528
338.886688
339.082245
339.222076
339.292053
339.501709
339.501709
339.50174
339.642731
339.855957
339.921143
340.062073
340.148438
340.200806
340.270874
340.482635
340.639526
340.690186
340.969818
341.053406
341.039734
341.10965
341.249451
341.459167
341.529083
341.598999
341.738831
341.808716
341.884491
342.018463
342.088379
342.22818
342.377197
342.437897
342.507812
342.647949
342.787445
342.927277
342.997192
343.140137
343.216858
343.416626
343.556458
343.696289
343.766174
343.906006
343.975922
344.115723
344.185638
344.255554
344.395355
344.465271
344.605103
344.744904
344.884735
344.954651
345.024567
345.165222
345.304199
345.444
345.525665
345.583832
345.654968
345.863464
346.003296
346.073181
346.143097
346.213013
346.352814
346.422729
346.562561
346.702362
346.842194
346.982025
347.05191
347.121826
347.331543
347.401459
347.54129
347.681091
347.681091
347.751007
347.890839
348.100555
348.170502
348.240387
348.380219
348.450134
348.589935
348.659851
348.869568
348.939484
349.079315
349.149231
349.219116
349.358948
349.568665
349.708496
349.848297
349.848297
349.988129
350.12796
350.267761
350.407593
350.547394
350.61731
350.687225
350.896942
351.036774
351.106689
351.24649
351.386322
351.526123
351.526123
351.665955
351.805756
352.015503
352.085419
352.155304
352.295135
352.365051
352.504852
352.644684
352.644684
352.854401
352.924316
353.064148
353.203949
353.273865
353.343781
353.483582
353.623413
353.763214
353.763214
353.972961
354.182678
354.252594
354.32251
354.392059
354.531891
354.671692
354.811523
354.881409
354.951324
355.091156
355.230957
355.300873
355.440704
355.650421
355.720337
355.860138
355.999969
356.069885
356.209686
356.279602
356.419434
356.559265
356.559265
356.768982
356.908813
357.048645
357.11853
357.188446
357.328278
357.398163
357.537994
357.817627
357.957458
358.0242
358.027374
358.09726
358.237091
358.307007
358.516724
358.586639
358.656555
358.796356
358.866272
359.075439
359.21582
359.425537
359.425537
359.495453
359.565369
359.775085
359.914917
360.124634
360.124634
360.264465
360.334351
360.474182
360.614014
360.683899
360.82373
360.963562
361.103363
361.173279
361.31308
361.452911
361.522827
361.662628
361.732544
361.80246
361.942291
362.082092
362.221924
362.291809
362.431641
362.501556
362.571472
362.781189
362.851105
362.990906
363.060822
363.270538
363.340454
363.480286
363.550201
363.690002
363.759918
363.89975
364.109467
364.179382
364.319183
364.389099
364.528931
364.668762
364.808563
364.878479
364.948395
365.158112
365.228027
365.297943
365.367859
365.577576
365.647491
365.787292
365.857208
365.927124
366.127533
366.276672
366.346588
366.486389
366.556305
366.626221
366.835938
366.975769
367.185486
367.255402
367.325317
367.465118
367.535034
367.60495
367.744781
367.954498
368.094299
368.164215
368.234131
368.373962
368.443848
368.583679
368.653595
368.793396
368.933228
369.073029
369.142944
369.282776
369.492493
369.632324
369.562408
369.632324
369.911316
370.051758
370.191589
370.261505
370.331421
370.471222
370.471222
370.611053
370.750854
370.890686
371.030487
371.030487
371.170319
371.31012
371.449951
371.589783
371.659698
371.729584
371.799286
371.939331
372.149048
372.218964
372.358765
372.498596
372.568848
372.638763
372.848511
372.988342
373.128143
373.267975
373.337891
373.407806
373.477692
373.687439
373.82724
373.967072
374.036987
374.100067
374.246338
374.386169
374.456085
374.665802
374.805634
374.875519
374.875519
375.01535
375.155182
375.364899
375.5047
375.5047
375.574615
375.784363
375.924164
376.133881
376.203796
376.273712
376.343628
376.483429
376.62326
376.832977
376.972809
377.11264
377.11264
377.182526
377.392273
377.532074
377.60199
377.811707
377.881622
377.881622
378.021454
378.231171
378.371002
378.440887
378.510803
378.580719
378.650635
378.860352
379.070099
379.2099
379.2099
379.349731
379.489532
379.629364
379.69928
379.769165
379.908997
380.118713
380.188629
380.188629
380.328461
380.468262
380.608093
380.747894
380.887756
381.027557
381.097473
381.097473
381.167389
381.377106
381.447388
381.657104
381.657104
381.796906
381.877899
382.006653
382.076569
382.286285
382.426086
382.426086
382.565918
382.70575
382.775665
382.915466
382.985382
383.125183
383.33493
383.404846
383.544647
383.684479
383.754364
383.964111
384.103912
384.103912
384.243744
384.462433
384.593292
384.663208
384.663208
384.804199
384.942932
385.152557
385.222473
385.362305
385.502106
385.572021
385.711823
385.851654
385.92157
386.131287
386.131287
386.201202
386.341003
386.550751
386.690582
386.760468
386.900299
386.970215
387.110016
387.249847
387.389648
387.52948
387.669281
387.739197
387.879028
387.948944
388.088745
388.298462
388.368378
388.438293
388.578125
388.717926
388.787842
388.927673
389.137421
389.207336
389.277252
389.347168
389.556885
389.626801
389.836517
389.906433
390.046265
390.11615
390.186066
390.325897
390.465698
390.535614
390.745331
390.815247
390.885162
390.955078
391.094879
391.234711
391.374512
391.444427
391.514343
391.654175
391.793976
391.933807
392.073608
392.21344
392.21344
392.353271
392.562988
392.632904
392.772705
392.982452
393.052338
393.122253
393.192169
393.33197
393.401886
393.541718
393.681549
393.82135
393.891266
393.961182
394.031067
394.240814
394.31073
394.450531
394.520447
394.590363
394.800079
394.869995
394.939911
395.149628
395.359344
395.359344
395.42926
395.988525
397.03717
398.645081
400.812286
403.958191
407.104156
410.739441
415.353424
419.478119
423.253235
428.076965
432.027557
435.898743
439.838989
444.194031
448.134308
452.005493
456.429657
460.162537
463.964539
468.250488
472.121643
475.7854
479.449158
483.80423
487.537109
491.200867
495.348511
499.012329
502.676086
506.270721
510.625763
514.220398
517.884155
522.100952
525.626465
529.221069
533.299622
536.894287
540.4198
544.360046
547.60907
550.719849
554.245361
558.185608
561.780212
565.167542
569.246033
572.633301
576.020569
580.029968
583.417236
586.597107
589.707825
593.786377
597.173645
600.560913
604.362915
607.611877
610.722656
613.764282
617.566284
620.677063
623.787781
627.244141
630.07843
632.912659
636.438171
639.479797
642.383118
645.148254
648.051636
650.954956
653.720093
656.692566
659.526794
662.367065
665.670349
667.919312
670.308899
672.979614
675.790894
678.883301
681.69458
684.857239
687.527954
690.128357
693.009949
695.328918
697.648193
700.037781
702.84906
705.168335
707.13623
709.314941
711.212646
712.899353
715.078125
718.381348
720.98175
722.668518
724.214722
726.252869
728.642517
731.453796
732.789124
734.475891
736.654419
739.39563
740.449829
741.785156
744.385681
746.072388
747.970032
750.570435
752.327454
754.295349
755.841553
757.180725
758.185852
759.765381
761.488525
762.493652
762.8526
757.970459
756.263245
756.8255
757.396118
758.903809
760.41156
761.847473
763.283386
764.432129
765.365479
766.514221
767.088623
764.503967
762.062866
764.216736
764.001343
760.626953
763.067993
765.437317
767.519409
768.452759
768.596313
763.139832
759.837158
758.688416
758.544861
753.381714
747.970032
741.644592
738.833374
737.146606
737.076294
737.216858
737.427734
738.411682
738.060242
733.548096
732.507996
728.361389
723.09021
721.895447
721.614319
720.98175
719.786987
718.873291
717.959656
718.732727
720.208679
721.614319
720.700623
719.646423
715.640381
701.513672
686.192261
671.9953
664.475159
657.452637
656.208313
655.655273
655.655273
655.862671
657.314331
659.249939
661.185547
663.280396
665.529419
666.443054
666.583618
665.59967
663.842651
652.198914
639.410278
627.036438
614.178711
596.551147
579.13092
572.356445
563.369812
561.57251
561.01947
561.503357
561.848999
558.530884
553.968506
537.930847
532.538879
519.538696
517.952942
513.87439
511.316681
507.722046
502.606598
362.641357
259.969391
234.743073
225.149292
221.487518
221.19458
221.414291
221.19458
220.886887
220.901642
220.973953
220.974869
220.97374
220.974869
221.048111
221.048111
220.974869
220.974869
220.818665
220.974869
221.048111
221.267303
221.267807
221.267807
220.974869
220.901642
221.19458
220.886887
220.901642
221.027603
221.191284
221.266159
221.260971
221.267807
220.901306
220.974869
220.755173
221.048111
220.974503
221.3349
221.182922
221.121338
220.971725
221.120209
220.79982
220.946609
221.029846
221.030914
221.047424
221.092667
221.121338
220.954178
221.025986
220.888855
221.19458
221.121338
221.121338
221.267807
221.09285
221.121338
221.032074
221.192688
220.888229
220.946289
221.185776
221.098785
221.414215
220.974869
221.321854
221.186996
221.047775
220.755173
220.822906
220.901642
221.267807
221.266541
221.404449
221.25
221.022034
220.896881
221.194504
221.19455
221.178375
220.949036
221.012955
220.889984
220.871964
221.179001
220.945282
221.159515
220.867477
220.881516
220.974503
221.193558
221.235535
221.24614
221.104218
221.264847
221.120895
221.234787
220.939041
221.103363
221.087143
221.046829
221.190216
221.254654
221.19458
221.168564
221.190033
221.237488
221.093781
221.032303
221.330002
221.618927
221.19458
221.120834
221.264252
221.163071
221.164566
221.264099
221.412354
221.487518
221.469727
221.325012
221.307816
221.158905
221.399918
221.539352
221.392883
221.399384
221.549469
221.231979
221.305405
221.403946
221.16156
221.262314
221.411469
221.398193
221.600845
221.67923
221.529358
221.325027
221.158768
221.313385
221.477051
221.750351
221.385925
221.59816
221.452866
221.378448
221.305222
221.59816
221.59816
221.700729
221.59816
221.524933
221.671402
221.59816
221.598221
221.744629
221.671402
221.600967
221.59816
221.59816
221.380264
221.524933
221.59816
221.744629
221.59816
221.671402
221.524933
221.451691
221.671402
221.744629
221.746643
221.744629
221.598175
221.451691
221.524933
221.744629
221.891098
221.744629
221.671402
221.59816
221.59816
221.744629
221.671402
221.672852
221.524933
221.524933
221.96434
221.671402
221.524933
221.59816
222.037567
221.96434
221.671402
221.59816
221.671402
222.110809
222.110809
221.744629
221.158752
221.08551
220.939041
220.572876
219.84053
218.742004
218.082886
217.789948
217.570236
217.423767
217.130829
216.764664
216.764664
216.837891
216.98436
217.057602
216.764664
216.691422
216.764664
216.911133
216.98436
216.837891
216.691422
216.764664
216.837891
216.837891
216.764664
216.471725
216.471725
216.544952
216.618195
216.691422
216.471725
216.398483
216.471725
216.544952
216.544952
216.544952
216.398483
216.398483
216.471725
216.471725
216.471725
216.398483
216.325241
216.325241
216.398483
216.398483
216.398483
216.325241
216.398483
216.398483
216.325241
216.398483
216.327515
216.252014
216.325241
216.252014
216.325241
216.325241
216.325241
216.325241
216.398483
216.398483
216.398483
216.325241
216.398483
216.398483
216.496414
216.478561
216.325241
216.252014
216.325241
216.325241
216.325241
216.325241
216.325241
216.398483
216.398483
216.398483
216.471725
216.471725
216.471725
216.544952
216.544952
216.544952
216.544952
216.544952
216.544952
216.618195
216.618195
216.618195
216.618195
216.544952
216.561813
216.544952
216.544952
216.544952
216.544952
216.544952
216.544952
216.621811
216.618195
216.618195
216.618195
TERM
