SR1 table
2.89595032E+02
2.89452271E+02
2.89238129E+02
2.89166748E+02
2.88952637E+02
2.88809875E+02
2.88667175E+02
2.88524384E+02
2.88390228E+02
2.88238861E+02
2.88096130E+02
2.87958160E+02
2.87739258E+02
2.87598907E+02
2.87453735E+02
2.87338348E+02
2.87168243E+02
2.87060120E+02
2.86883362E+02
2.86752747E+02
2.86612274E+02
2.86464081E+02
2.86343536E+02
2.86202332E+02
2.86054016E+02
2.85917786E+02
2.85759552E+02
2.85624268E+02
2.85489380E+02
2.85347626E+02
2.85202423E+02
2.85200928E+02
2.85347626E+02
2.85414062E+02
2.85490387E+02
2.85559631E+02
2.85540680E+02
2.85472107E+02
2.85620697E+02
2.85627319E+02
2.85775909E+02
2.85831024E+02
2.85918640E+02
2.85910065E+02
2.85845612E+02
2.85980072E+02
2.86125122E+02
2.86203674E+02
2.86265930E+02
2.86124542E+02
2.86346863E+02
2.86403595E+02
2.86479767E+02
2.86463684E+02
2.86486206E+02
2.86560822E+02
2.86761963E+02
2.86822754E+02
2.86902344E+02
2.86841156E+02
2.86904388E+02
2.86989288E+02
2.87202759E+02
2.87346161E+02
2.87417542E+02
2.87463379E+02
2.87541779E+02
2.87610931E+02
2.87762085E+02
2.87841125E+02
2.87845795E+02
2.88051971E+02
2.88035278E+02
2.88193115E+02
2.88487457E+02
2.88486969E+02
2.88768341E+02
2.88824585E+02
2.88987427E+02
2.89125610E+02
2.89344666E+02
2.89547485E+02
2.89748383E+02
2.89983215E+02
2.90117554E+02
2.90343933E+02
2.90556976E+02
2.90674805E+02
2.90914948E+02
2.91057678E+02
2.91200439E+02
2.91485962E+02
2.91557343E+02
2.91771454E+02
2.92056946E+02
2.92199707E+02
2.92342468E+02
2.92627960E+02
2.92842072E+02
2.92984833E+02
2.93341736E+02
2.93341736E+02
2.93341736E+02
2.93341736E+02
2.93341736E+02
2.93413086E+02
2.93341736E+02
2.93341736E+02
2.93341736E+02
2.93341736E+02
2.93341736E+02
2.93341736E+02
2.93341736E+02
2.93341736E+02
2.93341736E+02
2.93341736E+02
2.93341736E+02
2.93341736E+02
2.93341736E+02
2.93341736E+02
2.93341736E+02
2.93341736E+02
2.93341736E+02
2.93341736E+02
2.93270355E+02
2.93341736E+02
2.93270355E+02
2.93341736E+02
2.93341736E+02
2.93341736E+02
2.93341736E+02
2.93270355E+02
2.93270355E+02
2.93270355E+02
2.93270355E+02
2.93341736E+02
2.93270355E+02
2.93270355E+02
2.93270355E+02
2.93341736E+02
2.93270355E+02
2.93270355E+02
2.93270355E+02
2.93270355E+02
2.93270355E+02
2.93270355E+02
2.93270355E+02
2.93270355E+02
2.93270355E+02
2.93270355E+02
2.93270355E+02
2.93270355E+02
2.93270355E+02
2.93270355E+02
2.93270355E+02
2.93270355E+02
2.93270355E+02
2.93270355E+02
2.93270355E+02
2.93270355E+02
2.93270355E+02
2.93270355E+02
2.93270355E+02
2.93270355E+02
2.93270355E+02
2.93270355E+02
2.93270355E+02
2.93270355E+02
2.93270355E+02
2.93270355E+02
2.93270355E+02
2.93270355E+02
2.93270355E+02
2.93270355E+02
2.93270355E+02
2.93270355E+02
2.93270355E+02
2.93270355E+02
2.93270355E+02
2.93270355E+02
2.93270355E+02
2.93270355E+02
2.93273560E+02
2.93270721E+02
2.93270721E+02
2.93270721E+02
2.93270721E+02
2.93282715E+02
2.93273010E+02
2.93270721E+02
2.93271606E+02
2.93271942E+02
2.93282990E+02
2.93270721E+02
2.93270721E+02
2.93270935E+02
2.93270721E+02
2.93270721E+02
2.93270721E+02
2.93274933E+02
2.93270721E+02
2.93274323E+02
2.93280243E+02
2.93277405E+02
2.93270721E+02
2.93271240E+02
2.93270721E+02
2.93273804E+02
2.93274231E+02
2.93270721E+02
2.93276917E+02
2.93270721E+02
2.93270721E+02
2.93270721E+02
2.93270721E+02
2.93270721E+02
2.93270721E+02
2.93270721E+02
2.93270721E+02
2.93270721E+02
2.93270721E+02
2.93270721E+02
2.93270721E+02
2.93270721E+02
2.93342102E+02
2.93342102E+02
2.93270844E+02
2.93342102E+02
2.93270721E+02
2.93270721E+02
2.93270721E+02
2.93270721E+02
2.93270721E+02
2.93342102E+02
2.93270721E+02
2.93342102E+02
2.93342102E+02
2.93342102E+02
2.93342102E+02
2.93342102E+02
2.93271851E+02
2.93342133E+02
2.93342102E+02
2.93347076E+02
2.93347656E+02
2.93342407E+02
2.93342743E+02
2.93342102E+02
2.93342102E+02
2.93351624E+02
2.93342102E+02
2.93342102E+02
2.93342102E+02
2.93342102E+02
2.93342102E+02
2.93342102E+02
2.93342102E+02
2.93342102E+02
2.93342102E+02
2.93342102E+02
2.93342102E+02
2.93342102E+02
2.93342102E+02
2.93342102E+02
2.93342102E+02
2.93342102E+02
2.93413483E+02
2.93413483E+02
2.93413483E+02
2.93413483E+02
2.93413483E+02
2.93413483E+02
2.93413483E+02
2.93430359E+02
2.93419037E+02
2.93447083E+02
2.93413483E+02
2.93413696E+02
2.93413483E+02
2.93414032E+02
2.93501312E+02
2.93484863E+02
2.93485596E+02
2.93415039E+02
2.93484863E+02
2.93484863E+02
2.93492523E+02
2.93484863E+02
2.93485046E+02
2.93491730E+02
2.93506165E+02
2.93484985E+02
2.93512726E+02
2.93496277E+02
2.93570740E+02
2.93563873E+02
2.93558685E+02
2.93563110E+02
2.93556610E+02
2.93577850E+02
2.93568298E+02
2.93572968E+02
2.93556244E+02
2.93585541E+02
2.93570648E+02
2.93573792E+02
2.93563629E+02
2.93558960E+02
2.93642303E+02
2.93574188E+02
2.93646057E+02
2.93629578E+02
2.93632599E+02
2.93631805E+02
2.93660004E+02
2.93637146E+02
2.93655609E+02
2.93636963E+02
2.93655853E+02
2.93700714E+02
2.93702576E+02
2.93699738E+02
2.93699829E+02
2.93710205E+02
2.93715607E+02
2.93706512E+02
2.93708496E+02
2.93724274E+02
2.93705383E+02
2.93725037E+02
2.93733856E+02
2.93782837E+02
2.93801300E+02
2.93803467E+02
2.93773987E+02
2.93803955E+02
2.93805298E+02
2.93804993E+02
2.93803253E+02
2.93805054E+02
2.93876678E+02
2.93874695E+02
2.93876678E+02
2.93876678E+02
2.93876678E+02
2.93876678E+02
2.93943573E+02
2.93948059E+02
2.93948059E+02
2.93948059E+02
2.93948059E+02
2.93948059E+02
2.93948059E+02
2.93948059E+02
2.94019409E+02
2.94019409E+02
2.94019409E+02
2.94019409E+02
2.94019409E+02
2.94019409E+02
2.94019409E+02
2.94090820E+02
2.94090820E+02
2.94090820E+02
2.94091187E+02
2.94090820E+02
2.94162201E+02
2.94162201E+02
2.94162201E+02
2.94162201E+02
2.94162201E+02
2.94162201E+02
2.94162201E+02
2.94233551E+02
2.94233551E+02
2.94233551E+02
2.94233551E+02
2.94233551E+02
2.94233551E+02
2.94304932E+02
2.94304932E+02
2.94304932E+02
2.94304932E+02
2.94376312E+02
2.94304932E+02
2.94376312E+02
2.94376312E+02
2.94376312E+02
2.94376312E+02
2.94447693E+02
2.94447693E+02
2.94447693E+02
2.94447693E+02
2.94519073E+02
2.94519073E+02
2.94519073E+02
2.94519073E+02
2.94519073E+02
2.94519073E+02
2.94590424E+02
2.94577332E+02
2.94590424E+02
2.94590424E+02
2.94661804E+02
2.94661804E+02
2.94657837E+02
2.94661804E+02
2.94661804E+02
2.94733185E+02
2.94733185E+02
2.94733185E+02
2.94733185E+02
2.94804565E+02
2.94804565E+02
2.94804565E+02
2.94804565E+02
2.94875916E+02
2.94875916E+02
2.94875916E+02
2.94875916E+02
2.94875916E+02
2.94947296E+02
2.94947296E+02
2.94947296E+02
2.95018707E+02
2.94947296E+02
2.95018707E+02
2.95018707E+02
2.95018707E+02
2.95090057E+02
2.95090057E+02
2.95090057E+02
2.95161438E+02
2.95161438E+02
2.95161438E+02
2.95232819E+02
2.95161438E+02
2.95232819E+02
2.95304199E+02
2.95304199E+02
2.95304199E+02
2.95304199E+02
2.95304199E+02
2.95375580E+02
2.95375580E+02
2.95375580E+02
2.95446930E+02
2.95446930E+02
2.95446930E+02
2.95446930E+02
2.95518311E+02
2.95518677E+02
2.95518677E+02
2.95518677E+02
2.95590057E+02
2.95595062E+02
2.95590057E+02
2.95661438E+02
2.95661438E+02
2.95732788E+02
2.95732788E+02
2.95732788E+02
2.95804169E+02
2.95804169E+02
2.95875580E+02
2.95875580E+02
2.95875580E+02
2.95946930E+02
2.95946930E+02
2.95946930E+02
2.95950958E+02
2.95946930E+02
2.96018311E+02
2.96018311E+02
2.96017395E+02
2.96073151E+02
2.96089325E+02
2.96089325E+02
2.96160706E+02
2.96160706E+02
2.96229218E+02
2.96232086E+02
2.96232086E+02
2.96303467E+02
2.96303467E+02
2.96374817E+02
2.96374817E+02
2.96374817E+02
2.96431793E+02
2.96446198E+02
2.96434113E+02
2.96515961E+02
2.96517578E+02
2.96575836E+02
2.96588623E+02
2.96588959E+02
2.96659576E+02
2.96660309E+02
2.96731689E+02
2.96731689E+02
2.96731689E+02
2.96731689E+02
2.96803101E+02
2.96803101E+02
2.96874481E+02
2.96874481E+02
2.96945831E+02
2.96945831E+02
2.97017212E+02
2.97017212E+02
2.97017212E+02
2.97088593E+02
2.97088593E+02
2.97088593E+02
2.97159973E+02
2.97159973E+02
2.97231354E+02
2.97231354E+02
2.97302704E+02
2.97302704E+02
2.97302704E+02
2.97374084E+02
2.97374084E+02
2.97445465E+02
2.97451996E+02
2.97517181E+02
2.97517181E+02
2.97588562E+02
2.97588562E+02
2.97659943E+02
2.97659943E+02
2.97659973E+02
2.97731354E+02
2.97731354E+02
2.97802704E+02
2.97802704E+02
2.97874084E+02
2.97874084E+02
2.97945465E+02
2.97945465E+02
2.98016846E+02
2.98016846E+02
2.98016846E+02
2.98088196E+02
2.98159576E+02
2.98159576E+02
2.98159576E+02
2.98159210E+02
2.98230591E+02
2.98301971E+02
2.98301971E+02
2.98373352E+02
2.98444733E+02
2.98444733E+02
2.98444733E+02
2.98516083E+02
2.98516083E+02
2.98587463E+02
2.98587463E+02
2.98658875E+02
2.98658875E+02
2.98730225E+02
2.98801605E+02
2.98801605E+02
2.98872986E+02
2.98872986E+02
2.98944366E+02
2.98944366E+02
2.99015747E+02
2.99015747E+02
2.99087097E+02
2.99087097E+02
2.99158478E+02
2.99229858E+02
2.99229858E+02
2.99229858E+02
2.99301239E+02
2.99372620E+02
2.99372620E+02
2.99431885E+02
2.99372620E+02
2.99443970E+02
2.99515350E+02
2.99515350E+02
2.99515350E+02
2.99586761E+02
2.99658112E+02
2.99729492E+02
2.99729492E+02
2.99800873E+02
2.99800873E+02
2.99872253E+02
2.99872253E+02
2.99925323E+02
2.99943604E+02
3.00014984E+02
3.00082764E+02
3.00086365E+02
3.00148254E+02
3.00157745E+02
3.00207764E+02
3.00203827E+02
3.00281342E+02
3.00371368E+02
3.00371857E+02
3.00443237E+02
3.00499695E+02
3.00507202E+02
3.00514648E+02
3.00581024E+02
3.00642822E+02
3.00636505E+02
3.00700867E+02
3.00708984E+02
3.00728760E+02
3.00706787E+02
3.00783356E+02
3.00799957E+02
3.00855988E+02
3.00837097E+02
3.00909943E+02
3.00909058E+02
3.01000031E+02
3.01076141E+02
3.01050690E+02
3.01138519E+02
3.01197021E+02
3.01193420E+02
3.01274323E+02
3.01264801E+02
3.01343842E+02
3.01336273E+02
3.01407593E+02
3.01478973E+02
3.01479004E+02
3.01558289E+02
3.01621979E+02
3.01624390E+02
3.01693695E+02
3.01705261E+02
3.01766907E+02
3.01764435E+02
3.01852509E+02
3.01911621E+02
3.01907196E+02
3.01978821E+02
3.02049957E+02
3.02050568E+02
3.02049957E+02
3.02121307E+02
3.02121307E+02
3.02209137E+02
3.02192688E+02
3.02264069E+02
3.02342102E+02
3.02337555E+02
3.02409912E+02
3.02406952E+02
3.02478333E+02
3.02478210E+02
3.02549652E+02
3.02620972E+02
3.02620972E+02
3.02621918E+02
3.02693451E+02
3.02763702E+02
3.02835083E+02
3.02841858E+02
3.02906464E+02
3.02907562E+02
3.02977844E+02
3.03049194E+02
3.03058716E+02
3.03120575E+02
3.03191986E+02
3.03191986E+02
3.03263519E+02
3.03339142E+02
3.03334717E+02
3.03406097E+02
3.03477478E+02
3.03490723E+02
3.03550659E+02
3.03632172E+02
3.03695160E+02
3.03710022E+02
3.03770020E+02
3.03847168E+02
3.03841980E+02
3.03905701E+02
3.03983734E+02
3.04048462E+02
3.04052460E+02
3.04134369E+02
3.04191315E+02
3.04262604E+02
3.04262604E+02
3.04339752E+02
3.04421082E+02
3.04487762E+02
3.04494476E+02
3.04548096E+02
3.04563141E+02
3.04626434E+02
3.04701965E+02
3.04789856E+02
3.04866760E+02
3.04851257E+02
3.04911957E+02
3.05009857E+02
3.05082672E+02
3.05070465E+02
3.05154053E+02
3.05214447E+02
3.05225433E+02
3.05273163E+02
3.05340118E+02
3.05412659E+02
3.05416016E+02
3.05505707E+02
3.05582306E+02
3.05650146E+02
3.05702087E+02
3.05770020E+02
3.05779236E+02
3.05852142E+02
3.05914673E+02
3.05976166E+02
3.05999390E+02
3.06071716E+02
3.06145508E+02
3.06211548E+02
3.06282562E+02
3.06281494E+02
3.06337830E+02
3.06409058E+02
3.06404846E+02
3.06475800E+02
3.06558167E+02
3.06631989E+02
3.06724182E+02
3.06791687E+02
3.06842743E+02
3.06839844E+02
3.06904907E+02
3.06975739E+02
3.07055878E+02
3.07124756E+02
3.07117645E+02
3.07189301E+02
3.07270233E+02
3.07348206E+02
3.07406006E+02
3.07502930E+02
3.07572815E+02
3.07626740E+02
3.07622192E+02
3.07708221E+02
3.07763794E+02
3.07843689E+02
3.07915314E+02
3.07988678E+02
3.08052063E+02
3.08136902E+02
3.08197784E+02
3.08218628E+02
3.08272034E+02
3.08340881E+02
3.08351166E+02
3.08426331E+02
3.08478851E+02
3.08571442E+02
3.08630890E+02
3.08704529E+02
3.08794220E+02
3.08865112E+02
3.08856354E+02
3.09007965E+02
3.09001251E+02
3.09149109E+02
3.09222473E+02
3.09219452E+02
3.09293854E+02
3.09355560E+02
3.09428162E+02
3.09507660E+02
3.09626740E+02
3.09717651E+02
3.09709747E+02
3.09777039E+02
3.09935577E+02
3.09927979E+02
3.09975922E+02
3.10064392E+02
3.10150360E+02
3.10220551E+02
3.10293091E+02
3.10364471E+02
3.10435852E+02
3.10488892E+02
3.10649994E+02
3.10703064E+02
3.10721375E+02
3.10792725E+02
3.10864105E+02
3.10925995E+02
3.11000763E+02
3.11058838E+02
3.11149597E+02
3.11292358E+02
3.11292358E+02
3.11363739E+02
3.11435120E+02
3.11506500E+02
3.11577881E+02
3.11649261E+02
3.11720612E+02
3.11791992E+02
3.11934753E+02
3.12006134E+02
3.12006134E+02
3.12077484E+02
3.12148865E+02
3.12220245E+02
3.12362976E+02
3.12434387E+02
3.12505768E+02
3.12577148E+02
3.12648499E+02
3.12719879E+02
3.12791260E+02
3.12862640E+02
3.12933990E+02
3.13076752E+02
3.13148132E+02
3.13219513E+02
3.13290863E+02
3.13362274E+02
3.13434021E+02
3.13505371E+02
3.13580750E+02
3.13648132E+02
3.13719513E+02
3.13790863E+02
3.13862579E+02
3.14005005E+02
3.14083313E+02
3.14178864E+02
3.14235413E+02
3.14305176E+02
3.14465576E+02
3.14519135E+02
3.14596375E+02
3.14655029E+02
3.14735626E+02
3.14793610E+02
3.14947632E+02
3.15029205E+02
3.15098083E+02
3.15157349E+02
3.15318085E+02
3.15304321E+02
3.15362946E+02
3.15506927E+02
3.15591492E+02
3.15667419E+02
3.15733368E+02
3.15805573E+02
3.15943237E+02
3.16016602E+02
3.16066925E+02
3.16156494E+02
3.16210419E+02
3.16296234E+02
3.16416260E+02
3.16505829E+02
3.16575104E+02
3.16645538E+02
3.16785278E+02
3.16847931E+02
3.16925018E+02
3.16984497E+02
3.17064758E+02
3.17126556E+02
3.17274353E+02
3.17328003E+02
3.17413116E+02
3.17535309E+02
3.17622101E+02
3.17689148E+02
3.17814148E+02
3.17898560E+02
3.17969116E+02
3.18029541E+02
3.18156647E+02
3.18242157E+02
3.19230621E+02
3.20977051E+02
3.23343567E+02
3.26496735E+02
3.30108459E+02
3.35090363E+02
3.40177155E+02
3.45846680E+02
3.52063202E+02
3.59881042E+02
3.66934265E+02
3.73723785E+02
3.81587341E+02
3.88370819E+02
3.95009064E+02
4.02790833E+02
4.09255157E+02
4.15919678E+02
4.23534668E+02
4.30004181E+02
4.36382233E+02
4.42499878E+02
4.50028381E+02
4.56247070E+02
4.62687653E+02
4.69867462E+02
4.76212982E+02
4.82429443E+02
4.88663910E+02
4.95766235E+02
5.01845886E+02
5.07941589E+02
5.15115234E+02
5.21118774E+02
5.27208313E+02
5.33033691E+02
5.39859375E+02
5.45872253E+02
5.51937561E+02
5.58802673E+02
5.64790283E+02
5.70892639E+02
5.77870239E+02
5.83729370E+02
5.89407532E+02
5.95072510E+02
6.00668274E+02
6.04744446E+02
6.08335571E+02
6.14122253E+02
6.16340210E+02
6.20357788E+02
6.22978821E+02
6.26851807E+02
6.30715942E+02
6.33345825E+02
6.36592834E+02
6.39190979E+02
6.42879089E+02
6.46261597E+02
6.48933472E+02
6.52482300E+02
6.57286987E+02
6.61778381E+02
6.66691162E+02
6.71489319E+02
6.76963867E+02
6.81789673E+02
6.86776306E+02
6.89515564E+02
6.93729919E+02
6.95071289E+02
6.99353943E+02
7.00613342E+02
7.02521729E+02
7.04057495E+02
7.05038330E+02
7.08620544E+02
7.11501160E+02
7.13335938E+02
7.14942017E+02
7.16136780E+02
7.18594482E+02
7.20912354E+02
7.23651611E+02
7.24845703E+02
7.26742126E+02
7.29902893E+02
7.31377930E+02
7.33063660E+02
7.34398193E+02
7.35943420E+02
7.38823242E+02
7.40438721E+02
7.42897095E+02
7.44231628E+02
7.45495972E+02
7.46760193E+02
7.47532837E+02
7.49148376E+02
7.49780518E+02
7.51044739E+02
7.53994812E+02
7.55750793E+02
7.56453186E+02
7.56312683E+02
7.57732910E+02
7.57230652E+02
7.57302368E+02
7.60459534E+02
7.62252991E+02
7.62898743E+02
7.65123108E+02
7.65625366E+02
7.65614746E+02
7.63616272E+02
7.65625366E+02
7.67634399E+02
7.70074036E+02
7.71365540E+02
7.72441833E+02
7.74232117E+02
7.74450867E+02
7.74089539E+02
7.73733398E+02
7.72657043E+02
7.73948425E+02
7.75168457E+02
7.76962280E+02
7.78684326E+02
7.79614685E+02
7.78182007E+02
7.77663635E+02
7.78535828E+02
7.80391968E+02
7.80472595E+02
7.80549561E+02
7.80334656E+02
7.80478149E+02
7.81911804E+02
7.80478149E+02
7.79528748E+02
7.79236938E+02
7.80262817E+02
7.81195618E+02
7.80836853E+02
7.76815247E+02
7.79043030E+02
7.76962280E+02
7.77249329E+02
7.77966797E+02
7.77320984E+02
7.76962280E+02
7.77679810E+02
7.77536316E+02
7.78756042E+02
7.77661682E+02
7.77177490E+02
7.77167969E+02
7.76818787E+02
7.75742493E+02
7.75012756E+02
7.75158936E+02
7.75096680E+02
7.77105774E+02
7.75598999E+02
7.72585327E+02
7.66558105E+02
7.66558105E+02
7.67203918E+02
7.68710693E+02
7.70863220E+02
7.71867859E+02
7.73087646E+02
7.71078552E+02
7.68423706E+02
7.66199402E+02
7.67634399E+02
7.69069458E+02
7.68495422E+02
7.64333801E+02
7.60243958E+02
7.59095825E+02
7.59741638E+02
7.59311157E+02
7.60530945E+02
7.60459167E+02
7.58880615E+02
7.56593262E+02
7.58163147E+02
7.56242065E+02
7.54907593E+02
7.54486145E+02
7.54626648E+02
7.52168213E+02
7.50482483E+02
7.50341980E+02
7.49709839E+02
7.49850342E+02
7.49780090E+02
7.46619324E+02
7.46689575E+02
7.44161011E+02
7.42826477E+02
7.42475281E+02
7.38893066E+02
7.38190735E+02
7.37418030E+02
7.34538269E+02
7.34538269E+02
7.31728699E+02
7.29621582E+02
7.29691772E+02
7.27373901E+02
7.25758423E+02
7.23580994E+02
7.20420288E+02
7.16486877E+02
7.12413025E+02
7.12974976E+02
7.11991577E+02
7.10024902E+02
7.07355835E+02
7.02647339E+02
6.97592651E+02
6.94150940E+02
6.92324707E+02
6.90849670E+02
6.89515198E+02
6.85722290E+02
6.83615112E+02
6.79892456E+02
6.76380493E+02
6.74694763E+02
6.73711426E+02
6.70550659E+02
6.65914917E+02
6.60261780E+02
6.57491699E+02
6.54866394E+02
6.49754150E+02
6.46714355E+02
6.45263550E+02
6.42362000E+02
6.38147766E+02
6.31308350E+02
6.26679626E+02
6.19563843E+02
6.15700378E+02
6.12033447E+02
6.07819275E+02
6.00012634E+02
5.95176636E+02
5.91446045E+02
5.85366516E+02
5.80046936E+02
5.73760193E+02
5.67545959E+02
5.63880981E+02
5.58492310E+02
5.55452576E+02
5.52136475E+02
5.49994751E+02
5.43915283E+02
5.35348694E+02
5.19389954E+02
4.30615204E+02
2.51979477E+02
1.93776489E+02
1.72624496E+02
1.59523438E+02
1.51472504E+02
1.48112656E+02
1.46275986E+02
1.45031754E+02
1.44592606E+02
1.44446228E+02
1.43348389E+02
1.42836060E+02
1.43055618E+02
1.43641144E+02
1.44226654E+02
1.44080276E+02
1.44079910E+02
1.43787155E+02
1.43055252E+02
1.42762482E+02
1.42982056E+02
1.43348007E+02
1.43713959E+02
1.43640762E+02
1.43787155E+02
1.44299484E+02
1.44299484E+02
1.43494385E+02
1.43055252E+02
1.42396545E+02
1.42469727E+02
1.42982056E+02
1.43713959E+02
1.43787155E+02
1.44006714E+02
1.44299484E+02
1.43348007E+02
1.42762482E+02
1.42323334E+02
1.42469727E+02
1.43060181E+02
1.43421570E+02
1.44007095E+02
1.44592606E+02
1.44519424E+02
1.44153473E+02
1.43494766E+02
1.43055618E+02
1.42836060E+02
1.42982437E+02
1.42616470E+02
1.42470093E+02
1.42396912E+02
1.42543289E+02
1.43128815E+02
1.43567947E+02
1.43714325E+02
1.43567947E+02
1.43642563E+02
1.43348389E+02
1.43348389E+02
1.43128815E+02
1.43721237E+02
1.43421570E+02
1.43361801E+02
1.42915634E+02
1.42616470E+02
1.43348389E+02
1.43567947E+02
1.43497574E+02
1.42479935E+02
1.42104141E+02
1.42909241E+02
1.42994965E+02
1.42984421E+02
1.43206650E+02
1.43082718E+02
1.42691666E+02
1.42479919E+02
1.42345398E+02
1.42487823E+02
1.42764465E+02
1.43080750E+02
1.42866028E+02
1.42788361E+02
1.43091476E+02
1.42945328E+02
1.42938995E+02
1.42781723E+02
1.42359802E+02
1.41911865E+02
1.42286606E+02
1.42872131E+02
1.42798935E+02
1.43151337E+02
1.43823608E+02
1.43750412E+02
1.43750412E+02
1.42506180E+02
1.42573669E+02
1.42506180E+02
1.42945328E+02
1.43164124E+02
1.43164886E+02
1.42872131E+02
1.42506180E+02
1.42652557E+02
1.42872131E+02
1.42797287E+02
1.43018509E+02
1.43091705E+02
1.43384476E+02
1.42725754E+02
1.42432999E+02
1.42798935E+02
1.43530838E+02
1.43238083E+02
1.43018509E+02
1.42506180E+02
1.42945328E+02
1.42506180E+02
1.42506180E+02
1.43457657E+02
1.43311264E+02
1.42579376E+02
1.42067047E+02
1.41993851E+02
1.42213425E+02
1.42798935E+02
1.43018509E+02
1.43018509E+02
1.42213425E+02
1.42140228E+02
1.42579376E+02
1.43091705E+02
1.42652557E+02
1.42725754E+02
1.42579376E+02
1.42286606E+02
1.42432999E+02
1.42506180E+02
1.42725754E+02
1.42652557E+02
1.42945328E+02
1.43164886E+02
1.42506180E+02
1.42213425E+02
1.42286606E+02
1.42213425E+02
1.42286606E+02
1.41993851E+02
1.42506180E+02
1.42506180E+02
1.42432999E+02
1.42432999E+02
1.42067047E+02
1.42432999E+02
1.42652557E+02
1.42860016E+02
1.43366241E+02
1.42725754E+02
1.42652557E+02
1.42725754E+02
1.42872131E+02
1.42725754E+02
1.42213425E+02
1.42495300E+02
1.42359802E+02
1.42213425E+02
1.42579376E+02
1.42725754E+02
1.42506180E+02
1.42652557E+02
1.42579376E+02
1.42506180E+02
1.41993851E+02
1.41847458E+02
1.42067047E+02
1.42426666E+02
1.42725754E+02
1.43091705E+02
1.42725754E+02
1.43091705E+02
1.42652557E+02
1.42359802E+02
1.41774277E+02
1.41844849E+02
1.41408325E+02
1.41920670E+02
1.42286606E+02
1.42067047E+02
1.41701080E+02
1.41847458E+02
1.42067047E+02
1.42286606E+02
1.42798935E+02
1.41993851E+02
1.42213425E+02
1.42140228E+02
1.42432999E+02
1.42431122E+02
1.42359802E+02
1.41993851E+02
1.41993851E+02
1.41408325E+02
1.41774658E+02
1.41847839E+02
1.42213806E+02
1.41994232E+02
1.42067429E+02
1.42213806E+02
1.42067429E+02
1.41555099E+02
1.41555099E+02
1.41335510E+02
1.41628281E+02
1.41847839E+02
1.41701477E+02
1.41262329E+02
1.41275742E+02
1.40755692E+02
1.40830780E+02
1.41481903E+02
1.41408707E+02
1.41921051E+02
1.42140610E+02
1.41774658E+02
1.41716217E+02
1.41115952E+02
1.41262329E+02
1.41701477E+02
1.41847839E+02
1.41408707E+02
1.41115952E+02
1.41189133E+02
1.40969574E+02
1.41115952E+02
1.41408707E+02
1.41921051E+02
1.42067429E+02
1.41481903E+02
1.41408707E+02
1.40823181E+02
1.40823181E+02
1.40750000E+02
1.41262329E+02
1.41628281E+02
1.41481903E+02
1.41115952E+02
1.41335510E+02
1.41115952E+02
1.41189133E+02
1.41481903E+02
1.41262329E+02
1.40969193E+02
1.40530045E+02
1.40969193E+02
1.41188751E+02
1.41554703E+02
1.40969193E+02
1.41115570E+02
1.41627899E+02
1.42066605E+02
1.41774277E+02
1.41554703E+02
1.41335129E+02
1.41481522E+02
1.41188751E+02
1.40749619E+02
1.40749619E+02
1.41261948E+02
1.41261948E+02
1.41261948E+02
1.41847458E+02
1.41554703E+02
1.41554703E+02
1.41481522E+02
1.41554703E+02
1.41478577E+02
1.41042374E+02
1.40895996E+02
1.41188751E+02
1.41701080E+02
1.41773224E+02
1.41774277E+02
1.41335129E+02
1.41627899E+02
1.41406448E+02
1.41115570E+02
1.41408325E+02
1.41774277E+02
1.42140228E+02
1.42286606E+02
1.41921051E+02
1.41477432E+02
1.40895996E+02
1.40164093E+02
1.39661163E+02
1.39589951E+02
1.38521698E+02
1.37667114E+02
1.37168594E+02
1.36670090E+02
1.35530640E+02
1.35032135E+02
1.34462387E+02
1.33821457E+02
1.33536591E+02
1.33394165E+02
1.33394165E+02
1.33394165E+02
1.33394165E+02
1.33322952E+02
1.33038086E+02
1.32753220E+02
1.32326294E+02
1.31756561E+02
1.31115631E+02
1.30403473E+02
1.29336639E+02
1.28409424E+02
1.27416367E+02
1.26788017E+02
1.26576088E+02
1.26130508E+02
1.25419090E+02
1.24931946E+02
1.24594215E+02
1.24285202E+02
1.23942741E+02
TERM
