SR1 table
2.95564178E+02
2.95421417E+02
2.95353241E+02
2.95207214E+02
2.95064453E+02
2.94993073E+02
2.94852112E+02
2.94707489E+02
2.94564697E+02
2.94421906E+02
2.94350525E+02
2.94207733E+02
2.94136353E+02
2.93993561E+02
2.93858154E+02
2.93708099E+02
2.93636597E+02
2.93565186E+02
2.93426880E+02
2.93279633E+02
2.93229767E+02
2.93071014E+02
2.92995300E+02
2.92879395E+02
2.92710876E+02
2.92641907E+02
2.92518982E+02
2.92353363E+02
2.92294617E+02
2.92235260E+02
2.92209381E+02
2.92214508E+02
2.92313721E+02
2.92366577E+02
2.92379730E+02
2.92435852E+02
2.92451416E+02
2.92660156E+02
2.92726196E+02
2.92885712E+02
2.92957825E+02
2.92957825E+02
2.92957825E+02
2.92928925E+02
2.93236542E+02
2.93298248E+02
2.93386200E+02
2.93296753E+02
2.93528992E+02
2.93600372E+02
2.93671783E+02
2.93671539E+02
2.93743164E+02
2.93885956E+02
2.94028748E+02
2.94024292E+02
2.93957336E+02
2.94100128E+02
2.94314301E+02
2.94314301E+02
2.94528503E+02
2.94599884E+02
2.94599792E+02
2.94814056E+02
2.94814056E+02
2.94814056E+02
2.95028259E+02
2.95028259E+02
2.95242432E+02
2.95456604E+02
2.95456604E+02
2.95670776E+02
2.95742157E+02
2.95884949E+02
2.96027771E+02
2.96099121E+02
2.96241913E+02
2.96313324E+02
2.96456116E+02
2.96527496E+02
2.96813080E+02
2.96884460E+02
2.97027252E+02
2.97312836E+02
2.97455597E+02
2.97669800E+02
2.97812592E+02
2.98026733E+02
2.98312317E+02
2.98455109E+02
2.98669312E+02
2.98812073E+02
2.98954865E+02
2.99240417E+02
2.99383209E+02
2.99526001E+02
2.99740173E+02
2.99954376E+02
3.00097137E+02
3.00239929E+02
3.00454132E+02
3.00525482E+02
3.00525482E+02
3.00454132E+02
3.00525482E+02
3.00454132E+02
3.00454132E+02
3.00454132E+02
3.00454132E+02
3.00382721E+02
3.00382721E+02
3.00382721E+02
3.00382721E+02
3.00382721E+02
3.00382721E+02
3.00311340E+02
3.00311340E+02
3.00311340E+02
3.00311340E+02
3.00311340E+02
3.00311340E+02
3.00311340E+02
3.00311676E+02
3.00240295E+02
3.00311676E+02
3.00240295E+02
3.00240295E+02
3.00311676E+02
3.00240295E+02
3.00240295E+02
3.00240295E+02
3.00240295E+02
3.00240295E+02
3.00240295E+02
3.00240295E+02
3.00240295E+02
3.00240295E+02
3.00240295E+02
3.00240295E+02
3.00240295E+02
3.00240479E+02
3.00240295E+02
3.00311676E+02
3.00240295E+02
3.00311676E+02
3.00312347E+02
3.00311676E+02
3.00311676E+02
3.00311676E+02
3.00313110E+02
3.00311676E+02
3.00311676E+02
3.00383087E+02
3.00311676E+02
3.00383484E+02
3.00385254E+02
3.00385132E+02
3.00454498E+02
3.00398895E+02
3.00454498E+02
3.00473236E+02
3.00468689E+02
3.00481812E+02
3.00530334E+02
3.00529816E+02
3.00541443E+02
3.00549072E+02
3.00617249E+02
3.00614441E+02
3.00627991E+02
3.00613007E+02
3.00677551E+02
3.00702026E+02
3.00750793E+02
3.00769623E+02
3.00772675E+02
3.00769806E+02
3.00821198E+02
3.00822571E+02
3.00831451E+02
3.00904480E+02
3.00901764E+02
3.00956848E+02
3.00971313E+02
3.00971313E+02
3.01060791E+02
3.01060791E+02
3.01055237E+02
3.01132202E+02
3.01194061E+02
3.01203583E+02
3.01274994E+02
3.01274994E+02
3.01346375E+02
3.01346375E+02
3.01346375E+02
3.01417755E+02
3.01489044E+02
3.01489166E+02
3.01560547E+02
3.01560547E+02
3.01631958E+02
3.01631958E+02
3.01703339E+02
3.01774750E+02
3.01774750E+02
3.01846130E+02
3.01846130E+02
3.01917511E+02
3.01917511E+02
3.01988922E+02
3.02060303E+02
3.02131714E+02
3.02131714E+02
3.02203094E+02
3.02203094E+02
3.02274506E+02
3.02345886E+02
3.02345886E+02
3.02417267E+02
3.02488678E+02
3.02488678E+02
3.02560059E+02
3.02631470E+02
3.02702850E+02
3.02702850E+02
3.02774231E+02
3.02845642E+02
3.02917023E+02
3.02988403E+02
3.03059814E+02
3.03059814E+02
3.03131226E+02
3.03202576E+02
3.03273987E+02
3.03273987E+02
3.03345367E+02
3.03416779E+02
3.03488159E+02
3.03559570E+02
3.03630951E+02
3.03702332E+02
3.03773743E+02
3.03845123E+02
3.03845123E+02
3.03916534E+02
3.03987915E+02
3.04059326E+02
3.04130707E+02
3.04202087E+02
3.04273499E+02
3.04344879E+02
3.04416290E+02
3.04487671E+02
3.04487671E+02
3.04630463E+02
3.04701843E+02
3.04773254E+02
3.04844635E+02
3.04916046E+02
3.04987427E+02
3.05058807E+02
3.05130188E+02
3.05201599E+02
3.05273010E+02
3.05344391E+02
3.05415771E+02
3.05480438E+02
3.05558563E+02
3.05629944E+02
3.05701355E+02
3.05844116E+02
3.05915527E+02
3.05986908E+02
3.06058319E+02
3.06126160E+02
3.06201111E+02
3.06272522E+02
3.06415283E+02
3.06486481E+02
3.06558075E+02
3.06629456E+02
3.06700867E+02
3.06762726E+02
3.06905426E+02
3.06986420E+02
3.07057831E+02
3.07129211E+02
3.07272003E+02
3.07343384E+02
3.07410950E+02
3.07486176E+02
3.07628937E+02
3.07700348E+02
3.07771729E+02
3.07914551E+02
3.07985931E+02
3.08057312E+02
3.08200104E+02
3.08271484E+02
3.08342896E+02
3.08414307E+02
3.08557068E+02
3.08628448E+02
3.08699860E+02
3.08842651E+02
3.08914062E+02
3.08985413E+02
3.09128204E+02
3.09199615E+02
3.09342316E+02
3.09404175E+02
3.09485168E+02
3.09627960E+02
3.09699371E+02
3.09842133E+02
3.09913544E+02
3.09984924E+02
3.10127716E+02
3.10257355E+02
3.10341888E+02
3.10398682E+02
3.10556091E+02
3.10627472E+02
3.10770233E+02
3.10891418E+02
3.10982391E+02
3.11054443E+02
3.11185455E+02
3.11267609E+02
3.11412781E+02
3.11484192E+02
3.11538849E+02
3.11698151E+02
3.11841156E+02
3.11983948E+02
3.12035797E+02
3.12126709E+02
3.12259979E+02
3.12406128E+02
3.12483154E+02
3.12610199E+02
3.12697876E+02
3.12838837E+02
3.12983429E+02
3.13054810E+02
3.13197632E+02
3.13340424E+02
3.13411774E+02
3.13539948E+02
3.13625977E+02
3.13768768E+02
3.13911530E+02
3.13971130E+02
3.14125732E+02
3.14197113E+02
3.14339905E+02
3.14482697E+02
3.14554077E+02
3.14696869E+02
3.14839661E+02
3.14911041E+02
3.15052704E+02
3.15192444E+02
3.15332214E+02
3.15402100E+02
3.15541870E+02
3.15681641E+02
3.15821411E+02
3.15961182E+02
3.16031036E+02
3.16170837E+02
3.16310608E+02
3.16450378E+02
3.16520233E+02
3.16660004E+02
3.16799774E+02
3.16939545E+02
3.17079315E+02
3.17219086E+02
3.17288971E+02
3.17428711E+02
3.17568512E+02
3.17708282E+02
3.17848022E+02
3.17987793E+02
3.18127563E+02
3.18197449E+02
3.18337219E+02
3.18476990E+02
3.18616760E+02
3.18756500E+02
3.18896301E+02
3.19036072E+02
3.19105927E+02
3.19245697E+02
3.19385468E+02
3.19525238E+02
3.19665009E+02
3.19804779E+02
3.19944519E+02
3.20084290E+02
3.20224091E+02
3.20363861E+02
3.20503601E+02
3.20573486E+02
3.20783142E+02
3.20922913E+02
3.20992798E+02
3.21132568E+02
3.21342194E+02
3.21412079E+02
3.21621765E+02
3.21691620E+02
3.21831390E+02
3.21971161E+02
3.22110931E+02
3.22250702E+02
3.22390472E+02
3.22530243E+02
3.22669983E+02
3.22809753E+02
3.22949524E+02
3.23089294E+02
3.23229065E+02
3.23368835E+02
3.23578491E+02
3.23648376E+02
3.23788147E+02
3.23927887E+02
3.24067657E+02
3.24207428E+02
3.24417084E+02
3.24556854E+02
3.24696625E+02
3.24836365E+02
3.24976166E+02
3.25115936E+02
3.25255676E+02
3.25395447E+02
3.25535217E+02
3.25675476E+02
3.25815094E+02
3.26024750E+02
3.26164520E+02
3.26304291E+02
3.26444061E+02
3.26583832E+02
3.26723602E+02
3.26863373E+02
3.27072998E+02
3.27142883E+02
3.27352539E+02
3.27492310E+02
3.27632080E+02
3.27771851E+02
3.27981506E+02
3.28121277E+02
3.28261017E+02
3.28400787E+02
3.28540558E+02
3.28680328E+02
3.28820099E+02
3.29029755E+02
3.29169525E+02
3.29309296E+02
3.29518921E+02
3.29588806E+02
3.29798462E+02
3.29938232E+02
3.30078003E+02
3.30217773E+02
3.30357513E+02
3.30567200E+02
3.30706970E+02
3.30846710E+02
3.31056366E+02
3.31196136E+02
3.31335907E+02
3.31475677E+02
3.31615448E+02
3.31755188E+02
3.31964874E+02
3.32104614E+02
3.32244385E+02
3.32384155E+02
3.32593811E+02
3.32733582E+02
3.32943237E+02
3.33082977E+02
3.33222748E+02
3.33362549E+02
3.33502289E+02
3.33711945E+02
3.33851715E+02
3.33991486E+02
3.34131256E+02
3.34340881E+02
3.34480652E+02
3.34620453E+02
3.34830078E+02
3.34969849E+02
3.35109619E+02
3.35319275E+02
3.35459045E+02
3.35668671E+02
3.35808105E+02
3.35947876E+02
3.36087616E+02
3.36224884E+02
3.36435699E+02
3.36575958E+02
3.36715851E+02
3.36926239E+02
3.37060547E+02
3.37205231E+02
3.37415405E+02
3.37555176E+02
3.37694946E+02
3.37901123E+02
3.38044006E+02
3.38184113E+02
3.38393433E+02
3.38533569E+02
3.38743195E+02
3.38882965E+02
3.39021759E+02
3.39232391E+02
3.39372162E+02
3.39511902E+02
3.39721588E+02
3.39861359E+02
3.40001099E+02
3.40210754E+02
3.40420410E+02
3.40560181E+02
3.40699951E+02
3.40909576E+02
3.41049377E+02
3.41189117E+02
3.41398773E+02
3.41538544E+02
3.41678314E+02
3.41887970E+02
3.42027740E+02
3.42237366E+02
3.42377136E+02
3.42516937E+02
3.42726562E+02
3.42866333E+02
3.43075989E+02
3.43215759E+02
3.43355530E+02
3.43565155E+02
3.43704926E+02
3.43844696E+02
3.44054352E+02
3.44194122E+02
3.44403778E+02
3.44543549E+02
3.44683319E+02
3.44823059E+02
3.45032715E+02
3.45242371E+02
3.45382141E+02
3.45591766E+02
3.45731567E+02
3.45941223E+02
3.46080963E+02
3.46220734E+02
3.46430389E+02
3.46570160E+02
3.46779816E+02
3.46919556E+02
3.47129242E+02
3.47269012E+02
3.47478638E+02
3.47618408E+02
3.47758179E+02
3.47967834E+02
3.48107605E+02
3.48317230E+02
3.48457031E+02
3.48596802E+02
3.48806427E+02
3.49016083E+02
3.49155853E+02
3.49365509E+02
3.49505249E+02
3.49645020E+02
3.49854706E+02
3.50064331E+02
3.50204102E+02
3.50343872E+02
3.50553528E+02
3.50763184E+02
3.50902924E+02
3.51112579E+02
3.51252350E+02
3.51462006E+02
3.51601776E+02
3.51811432E+02
3.51951202E+02
3.52090942E+02
3.52300598E+02
3.52510254E+02
3.52650024E+02
3.52859680E+02
3.52999420E+02
3.53209106E+02
3.53348877E+02
3.53558502E+02
3.53698273E+02
3.53907928E+02
3.54117584E+02
3.54257324E+02
3.54397095E+02
3.54606781E+02
3.54746521E+02
3.54956177E+02
3.55165833E+02
3.55375488E+02
3.55515259E+02
3.55654999E+02
3.55864685E+02
3.56004425E+02
3.56214081E+02
3.56353851E+02
3.56493622E+02
3.56703278E+02
3.56843048E+02
3.57052673E+02
3.57262360E+02
3.57402100E+02
3.57611755E+02
3.57751495E+02
3.57961182E+02
3.58170807E+02
3.58310577E+02
3.58450348E+02
3.58660004E+02
3.58869659E+02
3.59009430E+02
3.59219086E+02
3.59358856E+02
3.59568481E+02
3.59708160E+02
3.59911316E+02
3.60127563E+02
3.60267334E+02
3.60403595E+02
3.60616760E+02
3.60825897E+02
3.60965729E+02
3.61161499E+02
3.61315521E+02
3.61525238E+02
3.61664978E+02
3.61856384E+02
3.62084259E+02
3.62216522E+02
3.62423279E+02
3.62557098E+02
3.62693176E+02
3.62916016E+02
3.63108643E+02
3.63254211E+02
3.63447510E+02
3.63665527E+02
3.63809387E+02
3.64008972E+02
3.64217651E+02
3.64379822E+02
3.64501038E+02
3.64729248E+02
3.64934601E+02
3.65059296E+02
3.65273285E+02
3.65404755E+02
3.65613922E+02
3.65823975E+02
3.65983215E+02
3.66172974E+02
3.66312744E+02
3.66522400E+02
3.66738861E+02
3.66871979E+02
3.67012909E+02
3.67240997E+02
3.67444672E+02
3.67572052E+02
3.67780304E+02
3.67933502E+02
3.68146027E+02
3.68269470E+02
3.68480438E+02
3.68633240E+02
3.68831879E+02
3.69063171E+02
3.69190125E+02
3.69410950E+02
3.69624084E+02
3.69667816E+02
3.69897827E+02
3.70029694E+02
3.70326447E+02
3.70449371E+02
3.70590302E+02
3.70804993E+02
3.71028046E+02
3.71168427E+02
3.71370087E+02
3.71566528E+02
3.71727905E+02
3.71937866E+02
3.72077576E+02
3.72217407E+02
3.72426575E+02
3.72636719E+02
3.72846375E+02
3.72975006E+02
3.73195770E+02
3.73335541E+02
3.73545197E+02
3.73684967E+02
3.73894623E+02
3.74034393E+02
3.74244019E+02
3.74451324E+02
3.74656067E+02
3.74792694E+02
3.74916901E+02
3.75152161E+02
3.75362152E+02
3.75501526E+02
3.75703217E+02
3.75915680E+02
3.76052612E+02
3.76269073E+02
3.76472382E+02
3.76593018E+02
3.76819824E+02
3.76961273E+02
3.77176727E+02
3.77310394E+02
3.77496277E+02
3.77718414E+02
3.77850067E+02
3.78063080E+02
3.78270416E+02
3.78415527E+02
3.78561920E+02
3.78778046E+02
3.78993103E+02
3.79134460E+02
3.79332367E+02
3.79464111E+02
3.79667053E+02
3.79886719E+02
3.80099640E+02
3.80221710E+02
3.80367126E+02
3.80569366E+02
3.80778931E+02
3.80924377E+02
3.81146332E+02
3.81338776E+02
3.81495605E+02
3.81617218E+02
3.81844666E+02
3.82038910E+02
3.82176331E+02
3.82390076E+02
3.82595612E+02
3.82735565E+02
3.82945007E+02
3.83087311E+02
3.83296387E+02
3.83434204E+02
3.83643890E+02
3.83789459E+02
3.84014557E+02
3.84202942E+02
3.84412567E+02
3.84552368E+02
3.84772400E+02
3.84901764E+02
3.85111938E+02
3.85251190E+02
3.85460876E+02
3.85670502E+02
3.85810272E+02
3.85950012E+02
3.86159698E+02
3.86369324E+02
3.86509094E+02
3.86718750E+02
3.86928375E+02
3.87068146E+02
3.87277802E+02
3.87429535E+02
3.87627258E+02
3.87837433E+02
3.87976654E+02
3.88186310E+02
3.88326080E+02
3.88535706E+02
3.88675507E+02
3.88885132E+02
3.89094757E+02
3.89234528E+02
3.89444183E+02
3.89653870E+02
3.89793640E+02
3.90003265E+02
3.90143066E+02
3.90352692E+02
3.90506348E+02
3.90703613E+02
3.90911743E+02
3.91051819E+02
3.91191284E+02
3.91400940E+02
3.91617401E+02
3.91750336E+02
3.91960388E+02
3.92169678E+02
3.92321350E+02
3.92449188E+02
3.92658844E+02
3.92868500E+02
3.93008270E+02
3.93217926E+02
3.93445312E+02
3.93567322E+02
3.93776947E+02
3.93916748E+02
3.94126404E+02
3.94266144E+02
3.94475830E+02
3.94616089E+02
3.94837708E+02
3.94970856E+02
3.95182983E+02
3.95314423E+02
3.95533203E+02
3.95733704E+02
3.95873474E+02
3.96101288E+02
3.96303711E+02
3.96439789E+02
3.96587280E+02
3.96797424E+02
3.97004120E+02
3.97134247E+02
3.97351776E+02
3.97564545E+02
3.97690460E+02
3.97929291E+02
3.98047485E+02
3.98256989E+02
3.98479431E+02
3.98632629E+02
3.98764648E+02
3.98973907E+02
3.99121155E+02
3.99328308E+02
3.99541870E+02
3.99681641E+02
3.99891266E+02
4.00031036E+02
4.00240723E+02
4.00380463E+02
4.00590149E+02
4.00729889E+02
4.00939545E+02
4.01149200E+02
4.01288971E+02
4.01498596E+02
4.01638367E+02
4.01848022E+02
4.02057648E+02
4.02197418E+02
4.02337219E+02
4.02546844E+02
4.02756531E+02
4.02896271E+02
4.03036041E+02
4.03245728E+02
4.03385437E+02
4.03595123E+02
4.03804779E+02
4.03944550E+02
4.04154175E+02
4.04363831E+02
4.04643372E+02
4.05691620E+02
4.07229095E+02
4.09325562E+02
4.12540192E+02
4.15824738E+02
4.20017731E+02
4.24560150E+02
4.30552551E+02
4.36357178E+02
4.42438171E+02
4.49624756E+02
4.55636658E+02
4.61786713E+02
4.68696930E+02
4.74708801E+02
4.80582489E+02
4.86317963E+02
4.93020874E+02
4.98687225E+02
5.04422699E+02
5.10987427E+02
5.16515564E+02
5.21974609E+02
5.27433716E+02
5.33791077E+02
5.39112000E+02
5.44294617E+02
5.50652039E+02
5.55834656E+02
5.60948181E+02
5.67029175E+02
5.71935425E+02
5.76979858E+02
5.82093445E+02
5.87967102E+02
5.92596985E+02
5.97295898E+02
6.02962280E+02
6.07799438E+02
6.12429260E+02
6.17128174E+02
6.22587280E+02
6.27078918E+02
6.31570557E+02
6.36476807E+02
6.40692017E+02
6.43939819E+02
6.47325806E+02
6.49951660E+02
6.53614136E+02
6.55134338E+02
6.57207458E+02
6.58313049E+02
6.61699036E+02
6.63731445E+02
6.64996033E+02
6.66120117E+02
6.67876526E+02
6.70897522E+02
6.72091858E+02
6.74340027E+02
6.77080078E+02
6.80311829E+02
6.83403015E+02
6.87407593E+02
6.90920410E+02
6.94433228E+02
6.98718811E+02
7.02020874E+02
7.03636719E+02
7.06025452E+02
7.06727966E+02
7.09257202E+02
7.08835632E+02
7.08905945E+02
7.09046448E+02
7.09538269E+02
7.11716187E+02
7.13332031E+02
7.13472534E+02
7.13894104E+02
7.14175110E+02
7.14666870E+02
7.15720703E+02
7.16844788E+02
7.17125854E+02
7.17406860E+02
7.19303772E+02
7.20217102E+02
7.19936096E+02
7.19795593E+02
7.19936096E+02
7.21130432E+02
7.21762756E+02
7.22535522E+02
7.23308350E+02
7.22886780E+02
7.22957092E+02
7.23238098E+02
7.23027344E+02
7.23027344E+02
7.24010925E+02
7.24994507E+02
7.25697021E+02
7.25978088E+02
7.25619751E+02
7.25692017E+02
7.25486267E+02
7.25484741E+02
7.26319946E+02
7.26582764E+02
7.24924194E+02
7.26048340E+02
7.25767273E+02
7.25261292E+02
7.22452942E+02
7.23921143E+02
7.24291260E+02
7.25125305E+02
7.26530029E+02
7.25626831E+02
7.26102600E+02
7.25837585E+02
7.24775635E+02
7.24199463E+02
7.22094177E+02
7.22605835E+02
7.22042358E+02
7.22657593E+02
7.23298401E+02
7.21956909E+02
7.18881409E+02
7.17477051E+02
7.16634033E+02
7.14876770E+02
7.15290405E+02
7.14174988E+02
7.12840210E+02
7.12681335E+02
7.12894531E+02
7.10943359E+02
7.08763245E+02
7.08968628E+02
7.09244751E+02
7.07285278E+02
7.07201355E+02
7.03212463E+02
7.04409546E+02
7.01388550E+02
6.98086487E+02
6.98578308E+02
6.97383972E+02
6.96049133E+02
6.95276245E+02
6.93800964E+02
6.93871155E+02
6.92817322E+02
6.91833557E+02
6.90217834E+02
6.89304565E+02
6.88039917E+02
6.86986084E+02
6.86002502E+02
6.85018921E+02
6.86775330E+02
6.84386597E+02
6.80241577E+02
6.76237000E+02
6.75393921E+02
6.74410339E+02
6.75042664E+02
6.76026184E+02
6.75253418E+02
6.75393921E+02
6.73848267E+02
6.71670349E+02
6.71178528E+02
6.71459595E+02
6.71459595E+02
6.70546265E+02
6.67103699E+02
6.61906372E+02
6.60524353E+02
6.61629944E+02
6.59556885E+02
6.59625977E+02
6.58865845E+02
6.57207458E+02
6.55410767E+02
6.57000061E+02
6.55618042E+02
6.54305115E+02
6.54166931E+02
6.53821411E+02
6.52301147E+02
6.51402832E+02
6.49537048E+02
6.49122437E+02
6.49329773E+02
6.48500549E+02
6.46496582E+02
6.45805542E+02
6.43179688E+02
6.43317871E+02
6.41728577E+02
6.38204346E+02
6.37997009E+02
6.37513306E+02
6.35440247E+02
6.35509338E+02
6.32123352E+02
6.31846985E+02
6.30119385E+02
6.27286194E+02
6.26042358E+02
6.25213135E+02
6.22518188E+02
6.19961365E+02
6.16920898E+02
6.16989990E+02
6.16989990E+02
6.13742249E+02
6.12152832E+02
6.08421326E+02
6.05657288E+02
6.02133423E+02
6.01096863E+02
5.98347534E+02
5.97710876E+02
5.95584778E+02
5.92963135E+02
5.90943176E+02
5.85217590E+02
5.85158447E+02
5.83557678E+02
5.80781189E+02
5.78739197E+02
5.76016541E+02
5.74036072E+02
5.73322327E+02
5.69797119E+02
5.66974548E+02
5.65446594E+02
5.63257751E+02
5.60892456E+02
5.55232666E+02
5.50823547E+02
5.46595093E+02
5.43829224E+02
5.40594482E+02
5.36910950E+02
5.32302185E+02
5.26763184E+02
5.24413635E+02
5.21024048E+02
5.16239990E+02
5.13299561E+02
5.11287140E+02
5.09145233E+02
5.04236237E+02
5.02310242E+02
5.00158875E+02
4.99808899E+02
4.95052795E+02
4.90539825E+02
4.83225922E+02
4.20679504E+02
2.58023865E+02
1.89220108E+02
1.65136551E+02
1.57155289E+02
1.51440521E+02
1.47624496E+02
1.47194275E+02
1.46306854E+02
1.45291885E+02
1.44857193E+02
1.43882065E+02
1.43465134E+02
1.43965607E+02
1.44163254E+02
1.45058334E+02
1.45067032E+02
1.44680450E+02
1.44462723E+02
1.44021362E+02
1.43524002E+02
1.43611801E+02
1.43735901E+02
1.44620697E+02
1.44093842E+02
1.44322708E+02
1.44981949E+02
1.44771896E+02
1.44387634E+02
1.44333603E+02
1.43591888E+02
1.43515518E+02
1.43724625E+02
1.44676682E+02
1.45119125E+02
1.45127228E+02
1.45041504E+02
1.44265793E+02
1.43725586E+02
1.43284500E+02
1.43006546E+02
1.43652420E+02
1.44469528E+02
1.45050858E+02
1.45407532E+02
1.45410706E+02
1.44828842E+02
1.44236206E+02
1.43870178E+02
1.43667389E+02
1.43814682E+02
1.43958008E+02
1.43284500E+02
1.43285019E+02
1.43504639E+02
1.43724884E+02
1.44534225E+02
1.44604126E+02
1.44309418E+02
1.44623077E+02
1.43876129E+02
1.44103333E+02
1.43959335E+02
1.44237091E+02
1.44632004E+02
1.44163071E+02
1.43811325E+02
1.43668991E+02
1.44386490E+02
1.44543030E+02
1.44326385E+02
1.43148346E+02
1.42787155E+02
1.43728058E+02
1.43822220E+02
1.44036514E+02
1.44271973E+02
1.43800308E+02
1.43756531E+02
1.43656647E+02
1.43320572E+02
1.43518555E+02
1.43393341E+02
1.43759384E+02
1.44258743E+02
1.43833038E+02
1.44199081E+02
1.43889252E+02
1.43902954E+02
1.43966476E+02
1.43318039E+02
1.42806854E+02
1.42954544E+02
1.43320572E+02
1.43979462E+02
1.44272278E+02
1.44345490E+02
1.44931152E+02
1.44565109E+02
1.43466995E+02
1.43466995E+02
1.43613403E+02
1.43906250E+02
1.44272278E+02
1.43979462E+02
1.43686615E+02
1.43466995E+02
1.43906250E+02
1.43979462E+02
1.43540192E+02
1.43906250E+02
1.44199081E+02
1.44418701E+02
1.43540192E+02
1.43174164E+02
1.43759827E+02
1.44491898E+02
1.44052658E+02
1.43686615E+02
1.43393784E+02
1.43540192E+02
1.43174164E+02
1.43466995E+02
1.44199081E+02
1.44199081E+02
1.43613403E+02
1.43174164E+02
1.43174164E+02
1.43247375E+02
1.43686615E+02
1.44125870E+02
1.44125870E+02
1.43540192E+02
1.43247375E+02
1.44052658E+02
1.44125870E+02
1.43906250E+02
1.43759827E+02
1.43686615E+02
1.43466995E+02
1.43759827E+02
1.43686615E+02
1.44272278E+02
1.43906250E+02
1.44125870E+02
1.44345490E+02
1.43833038E+02
1.43247375E+02
1.42881332E+02
1.43027756E+02
1.43320572E+02
1.43247375E+02
1.43759827E+02
1.43906250E+02
1.43759827E+02
1.43613403E+02
1.43247375E+02
1.43613403E+02
1.43759827E+02
1.44125870E+02
1.44272278E+02
1.43540192E+02
1.43613403E+02
1.43686615E+02
1.44052658E+02
1.43613403E+02
1.43174164E+02
1.43320572E+02
1.43613403E+02
1.43393784E+02
1.43393784E+02
1.43759827E+02
1.43906250E+02
1.43833038E+02
1.43833038E+02
1.43906250E+02
1.43027756E+02
1.42222458E+02
1.43100952E+02
1.43393784E+02
1.43466995E+02
1.43833038E+02
1.44125870E+02
1.44272278E+02
1.43833038E+02
1.43393784E+02
1.43100952E+02
1.43027756E+02
1.42954544E+02
1.43320572E+02
1.43540192E+02
1.43466995E+02
1.42954544E+02
1.43174164E+02
1.43466995E+02
1.43466995E+02
1.44125870E+02
1.43393784E+02
1.42661697E+02
1.43247375E+02
1.43320572E+02
1.43759827E+02
1.43027756E+02
1.42661697E+02
1.43027756E+02
1.42661697E+02
1.42295670E+02
1.42588501E+02
1.43027756E+02
1.43320572E+02
1.43320572E+02
1.43027756E+02
1.43027756E+02
1.43174164E+02
1.42515289E+02
1.42661697E+02
1.43027756E+02
1.42954544E+02
1.43174164E+02
1.42368881E+02
1.42076050E+02
1.42149261E+02
1.42295670E+02
1.42368881E+02
1.43027756E+02
1.43174164E+02
1.43174164E+02
1.43100952E+02
1.42734909E+02
1.42515289E+02
1.42661697E+02
1.42881332E+02
1.42734909E+02
1.42515289E+02
1.42076050E+02
1.42076050E+02
1.42222458E+02
1.42149261E+02
1.42881332E+02
1.43027756E+02
1.43247375E+02
1.42734909E+02
1.42442078E+02
1.41929626E+02
1.41856415E+02
1.41783203E+02
1.42442078E+02
1.43027756E+02
1.42588501E+02
1.42515289E+02
1.42222458E+02
1.42442078E+02
1.42442078E+02
1.42368881E+02
1.42881332E+02
1.41929626E+02
1.41490372E+02
1.42076050E+02
1.42368881E+02
1.42661697E+02
1.42222458E+02
1.42588501E+02
1.43100952E+02
1.43320572E+02
1.43174164E+02
1.42368881E+02
1.42149261E+02
1.42515289E+02
1.42295670E+02
1.42002838E+02
1.42222458E+02
1.42661697E+02
1.42954544E+02
1.42881332E+02
1.43027756E+02
1.43320572E+02
1.42808121E+02
1.42661697E+02
1.42661697E+02
1.42661697E+02
1.42000748E+02
1.42222458E+02
1.42661697E+02
1.42881332E+02
1.42954544E+02
1.42954544E+02
1.42442078E+02
1.42808121E+02
1.42368881E+02
1.42076050E+02
1.42076050E+02
1.42808121E+02
1.43100952E+02
1.43320572E+02
1.43100952E+02
1.42588501E+02
1.41636795E+02
1.41563583E+02
1.40977921E+02
1.40465469E+02
1.39740585E+02
1.38885788E+02
1.38030991E+02
1.37389893E+02
1.36606323E+02
1.35751526E+02
1.35110428E+02
1.34469330E+02
1.34255646E+02
1.34041946E+02
1.34113174E+02
1.34113174E+02
1.33970703E+02
1.33828247E+02
1.33543304E+02
1.33187149E+02
1.32759750E+02
1.32189880E+02
1.31477539E+02
1.30266586E+02
1.29483032E+02
1.28414520E+02
1.27488495E+02
1.27061089E+02
1.26847389E+02
1.26348770E+02
1.25351501E+02
1.24852859E+02
1.24496704E+02
1.24140541E+02
1.23926849E+02
TERM
