SR1 table
2.88793396E+02
2.88721985E+02
2.88579163E+02
2.88364868E+02
2.88222046E+02
2.88150604E+02
2.88007751E+02
2.87864899E+02
2.87722076E+02
2.87579224E+02
2.87436371E+02
2.87293549E+02
2.87150696E+02
2.87007843E+02
2.86864990E+02
2.86793579E+02
2.86650726E+02
2.86507874E+02
2.86365051E+02
2.86222198E+02
2.86079376E+02
2.85936493E+02
2.85865082E+02
2.85722260E+02
2.85579407E+02
2.85436554E+02
2.85365143E+02
2.85150879E+02
2.85079437E+02
2.84936584E+02
2.84936584E+02
2.84936584E+02
2.84865173E+02
2.85007996E+02
2.85007996E+02
2.85293701E+02
2.85293701E+02
2.85365143E+02
2.85436554E+02
2.85436554E+02
2.85579407E+02
2.85436554E+02
2.85579407E+02
2.85793671E+02
2.85793671E+02
2.85865082E+02
2.85722260E+02
2.85793671E+02
2.86079376E+02
2.86150787E+02
2.86222198E+02
2.86222198E+02
2.86150787E+02
2.86436462E+02
2.86507874E+02
2.86579315E+02
2.86507874E+02
2.86579315E+02
2.86722168E+02
2.86936432E+02
2.87007843E+02
2.87079285E+02
2.87150696E+02
2.87150696E+02
2.87364960E+02
2.87364960E+02
2.87293549E+02
2.87579224E+02
2.87579224E+02
2.87793488E+02
2.88079193E+02
2.88007751E+02
2.88293457E+02
2.88364868E+02
2.88579163E+02
2.88650574E+02
2.88793396E+02
2.88936249E+02
2.89079102E+02
2.89221954E+02
2.89436218E+02
2.89650482E+02
2.89721924E+02
2.89793335E+02
2.90150452E+02
2.90293274E+02
2.90364716E+02
2.90721832E+02
2.90793243E+02
2.91007507E+02
2.91364624E+02
2.91293182E+02
2.91650330E+02
2.91936005E+02
2.91864563E+02
2.92221680E+02
2.92507385E+02
2.92507385E+02
2.92793060E+02
2.93078735E+02
2.93293030E+02
2.93293030E+02
2.93293030E+02
2.93293030E+02
2.93293030E+02
2.93221619E+02
2.93221619E+02
2.93221619E+02
2.93221619E+02
2.93221619E+02
2.93221619E+02
2.93221619E+02
2.93150177E+02
2.93221619E+02
2.93221619E+02
2.93150177E+02
2.93150177E+02
2.93150177E+02
2.93150177E+02
2.93150177E+02
2.93150177E+02
2.93150177E+02
2.93150177E+02
2.93150177E+02
2.93150177E+02
2.93150177E+02
2.93078735E+02
2.93078735E+02
2.93078735E+02
2.93078735E+02
2.93078735E+02
2.93078735E+02
2.93078735E+02
2.93078735E+02
2.93078735E+02
2.93078735E+02
2.93078735E+02
2.93078735E+02
2.93078735E+02
2.93078735E+02
2.93078735E+02
2.93078735E+02
2.93078735E+02
2.93078735E+02
2.93078735E+02
2.93078735E+02
2.93078735E+02
2.93078735E+02
2.93007324E+02
2.93078735E+02
2.93007324E+02
2.93007324E+02
2.93078735E+02
2.93078735E+02
2.93007324E+02
2.93007324E+02
2.93007324E+02
2.93078735E+02
2.93078735E+02
2.93007324E+02
2.93007324E+02
2.93007324E+02
2.93007324E+02
2.93078735E+02
2.93007324E+02
2.93078735E+02
2.93078735E+02
2.93078735E+02
2.93078735E+02
2.93078735E+02
2.93078735E+02
2.93078735E+02
2.93078735E+02
2.93078735E+02
2.93078735E+02
2.93078735E+02
2.93078735E+02
2.93078735E+02
2.93078735E+02
2.93078735E+02
2.93078735E+02
2.93078735E+02
2.93078735E+02
2.93078735E+02
2.93078735E+02
2.93078735E+02
2.93078735E+02
2.93078735E+02
2.93078735E+02
2.93078735E+02
2.93150177E+02
2.93078735E+02
2.93078735E+02
2.93078735E+02
2.93078735E+02
2.93150177E+02
2.93150177E+02
2.93078735E+02
2.93150177E+02
2.93078735E+02
2.93150177E+02
2.93150177E+02
2.93150177E+02
2.93150177E+02
2.93150177E+02
2.93150177E+02
2.93150177E+02
2.93150177E+02
2.93150177E+02
2.93150177E+02
2.93150177E+02
2.93150177E+02
2.93150177E+02
2.93150177E+02
2.93150177E+02
2.93221619E+02
2.93221619E+02
2.93221619E+02
2.93221619E+02
2.93221619E+02
2.93221619E+02
2.93221619E+02
2.93221619E+02
2.93221619E+02
2.93293030E+02
2.93293030E+02
2.93293030E+02
2.93293030E+02
2.93293030E+02
2.93293030E+02
2.93293030E+02
2.93293030E+02
2.93293030E+02
2.93293030E+02
2.93364441E+02
2.93293030E+02
2.93364441E+02
2.93364441E+02
2.93364441E+02
2.93364441E+02
2.93364441E+02
2.93364441E+02
2.93364441E+02
2.93443634E+02
2.93436218E+02
2.93436401E+02
2.93436218E+02
2.93436218E+02
2.93436218E+02
2.93507660E+02
2.93507660E+02
2.93507660E+02
2.93507660E+02
2.93507660E+02
2.93507660E+02
2.93507660E+02
2.93507660E+02
2.93579071E+02
2.93579071E+02
2.93579071E+02
2.93579071E+02
2.93579071E+02
2.93650513E+02
2.93650513E+02
2.93650513E+02
2.93650513E+02
2.93650513E+02
2.93721924E+02
2.93650513E+02
2.93721924E+02
2.93721924E+02
2.93721924E+02
2.93793335E+02
2.93722443E+02
2.93805573E+02
2.93810974E+02
2.93796600E+02
2.93793335E+02
2.93793335E+02
2.93864777E+02
2.93864777E+02
2.93884369E+02
2.93936188E+02
2.93864777E+02
2.93936188E+02
2.93936188E+02
2.93936188E+02
2.93952026E+02
2.94029388E+02
2.94007599E+02
2.94012970E+02
2.94007599E+02
2.94008820E+02
2.94079041E+02
2.94079041E+02
2.94079041E+02
2.94083832E+02
2.94096802E+02
2.94098206E+02
2.94155548E+02
2.94221893E+02
2.94150452E+02
2.94170715E+02
2.94222626E+02
2.94234680E+02
2.94297302E+02
2.94221893E+02
2.94293304E+02
2.94297638E+02
2.94293304E+02
2.94301270E+02
2.94364807E+02
2.94377197E+02
2.94364716E+02
2.94445404E+02
2.94464600E+02
2.94452362E+02
2.94542358E+02
2.94529541E+02
2.94527313E+02
2.94602600E+02
2.94597900E+02
2.94579987E+02
2.94653168E+02
2.94681549E+02
2.94677429E+02
2.94732513E+02
2.94721832E+02
2.94739868E+02
2.94811432E+02
2.94752075E+02
2.94800232E+02
2.94827606E+02
2.94828125E+02
2.94878540E+02
2.94881744E+02
2.94884338E+02
2.94870300E+02
2.94968536E+02
2.94938965E+02
2.95011169E+02
2.95015076E+02
2.95086212E+02
2.95088318E+02
2.95092377E+02
2.95153290E+02
2.95154785E+02
2.95185822E+02
2.95239441E+02
2.95222351E+02
2.95256500E+02
2.95254486E+02
2.95324799E+02
2.95400085E+02
2.95385498E+02
2.95379425E+02
2.95451233E+02
2.95458710E+02
2.95464447E+02
2.95539825E+02
2.95610016E+02
2.95610687E+02
2.95590332E+02
2.95591370E+02
2.95650543E+02
2.95685394E+02
2.95745331E+02
2.95742126E+02
2.95824036E+02
2.95822937E+02
2.95869781E+02
2.95880768E+02
2.95936127E+02
2.95953156E+02
2.96024750E+02
2.96009064E+02
2.96107849E+02
2.96079285E+02
2.96090454E+02
2.96163727E+02
2.96233948E+02
2.96232452E+02
2.96236908E+02
2.96293762E+02
2.96293121E+02
2.96364563E+02
2.96366272E+02
2.96460785E+02
2.96470734E+02
2.96437592E+02
2.96535645E+02
2.96511780E+02
2.96591583E+02
2.96593384E+02
2.96674683E+02
2.96666290E+02
2.96733459E+02
2.96739655E+02
2.96801697E+02
2.96811584E+02
2.96881378E+02
2.96887848E+02
2.96936096E+02
2.96942230E+02
2.97012329E+02
2.97009155E+02
2.97094452E+02
2.97105957E+02
2.97152496E+02
2.97177307E+02
2.97246643E+02
2.97256287E+02
2.97327240E+02
2.97328491E+02
2.97399902E+02
2.97399719E+02
2.97467957E+02
2.97536072E+02
2.97519073E+02
2.97601990E+02
2.97581635E+02
2.97683319E+02
2.97667084E+02
2.97750610E+02
2.97828400E+02
2.97821899E+02
2.97899628E+02
2.97899872E+02
2.97956696E+02
2.98042694E+02
2.98016327E+02
2.98108917E+02
2.98110474E+02
2.98171265E+02
2.98256989E+02
2.98249207E+02
2.98324615E+02
2.98328400E+02
2.98378357E+02
2.98452606E+02
2.98518982E+02
2.98541779E+02
2.98539886E+02
2.98681885E+02
2.98738647E+02
2.98750153E+02
2.98828308E+02
2.98881226E+02
2.98899780E+02
2.98896667E+02
2.98961456E+02
2.99042603E+02
2.99040955E+02
2.99114044E+02
2.99181122E+02
2.99256897E+02
2.99256897E+02
2.99326416E+02
2.99327332E+02
2.99379486E+02
2.99456787E+02
2.99542572E+02
2.99530945E+02
2.99613983E+02
2.99685425E+02
2.99755737E+02
2.99756866E+02
2.99828278E+02
2.99899506E+02
2.99895813E+02
2.99951355E+02
3.00042542E+02
3.00039276E+02
3.00111969E+02
3.00170197E+02
3.00256805E+02
3.00256256E+02
3.00321564E+02
3.00399658E+02
3.00466736E+02
3.00455231E+02
3.00532135E+02
3.00613831E+02
3.00685333E+02
3.00669647E+02
3.00756775E+02
3.00828186E+02
3.00828186E+02
3.00890839E+02
3.00969452E+02
3.01042450E+02
3.01113861E+02
3.01094696E+02
3.01185272E+02
3.01256714E+02
3.01328156E+02
3.01391998E+02
3.01389893E+02
3.01470947E+02
3.01542389E+02
3.01611328E+02
3.01613831E+02
3.01685242E+02
3.01756683E+02
3.01827789E+02
3.01899536E+02
3.01957733E+02
3.01970947E+02
3.02042358E+02
3.02113770E+02
3.02185211E+02
3.02255524E+02
3.02256653E+02
3.02328064E+02
3.02399475E+02
3.02454224E+02
3.02542328E+02
3.02542328E+02
3.02613739E+02
3.02685150E+02
3.02756592E+02
3.02828003E+02
3.02899445E+02
3.02970856E+02
3.03042267E+02
3.03113708E+02
3.03113708E+02
3.03185120E+02
3.03256561E+02
3.03327972E+02
3.03396179E+02
3.03470825E+02
3.03468567E+02
3.03542236E+02
3.03613647E+02
3.03685089E+02
3.03756531E+02
3.03827942E+02
3.03827942E+02
3.03970764E+02
3.04042206E+02
3.04042206E+02
3.04113617E+02
3.04185028E+02
3.04256470E+02
3.04327881E+02
3.04399323E+02
3.04470734E+02
3.04542145E+02
3.04613556E+02
3.04613556E+02
3.04684998E+02
3.04756439E+02
3.04827850E+02
3.04899261E+02
3.04970703E+02
3.05042114E+02
3.05113525E+02
3.05185303E+02
3.05256744E+02
3.05328156E+02
3.05399597E+02
3.05471008E+02
3.05542419E+02
3.05613861E+02
3.05685272E+02
3.05756714E+02
3.05828125E+02
3.05828125E+02
3.05899536E+02
3.05970978E+02
3.06042389E+02
3.06113800E+02
3.06185211E+02
3.06261658E+02
3.06328094E+02
3.06399506E+02
3.06470917E+02
3.06613770E+02
3.06613770E+02
3.06685181E+02
3.06756592E+02
3.06828186E+02
3.06899475E+02
3.06970886E+02
3.07042297E+02
3.07185150E+02
3.07185150E+02
3.07328003E+02
3.07399414E+02
3.07470825E+02
3.07470825E+02
3.07613678E+02
3.07685089E+02
3.07756500E+02
3.07827942E+02
3.07899384E+02
3.07970795E+02
3.08113647E+02
3.08185059E+02
3.08256470E+02
3.08256470E+02
3.08399445E+02
3.08399323E+02
3.08542175E+02
3.08613586E+02
3.08685028E+02
3.08756439E+02
3.08827881E+02
3.08899292E+02
3.09042145E+02
3.09042145E+02
3.09184967E+02
3.09256378E+02
3.09327820E+02
3.09399261E+02
3.09470673E+02
3.09542084E+02
3.09613495E+02
3.09756348E+02
3.09756348E+02
3.09899200E+02
3.09970612E+02
3.10042053E+02
3.10113464E+02
3.10256287E+02
3.10256287E+02
3.10399170E+02
3.10470581E+02
3.10541992E+02
3.10613434E+02
3.10684845E+02
3.10756256E+02
3.10827698E+02
3.10899109E+02
3.10970551E+02
3.11113373E+02
3.11184784E+02
3.11256226E+02
3.11327667E+02
3.11399078E+02
3.11470490E+02
3.11613342E+02
3.11684753E+02
3.11756165E+02
3.11899048E+02
3.11970459E+02
3.11970459E+02
3.12041870E+02
3.12184723E+02
3.12256134E+02
3.12327576E+02
3.12398987E+02
3.12541840E+02
3.12613251E+02
3.12613251E+02
3.12756104E+02
3.12827545E+02
3.12898956E+02
3.12970367E+02
3.13113220E+02
3.13184631E+02
3.13256042E+02
3.13327484E+02
3.13398895E+02
3.13541748E+02
3.13613159E+02
3.13684570E+02
3.13827454E+02
3.13898865E+02
3.13974762E+02
3.14041962E+02
3.14185394E+02
3.14255951E+02
3.14327393E+02
3.14470245E+02
3.14541656E+02
3.14613068E+02
3.14684509E+02
3.14827332E+02
3.14898773E+02
3.14970184E+02
3.15110657E+02
3.15180542E+02
3.15250458E+02
3.15320374E+02
3.15460205E+02
3.15530121E+02
3.15600037E+02
3.15739838E+02
3.15819214E+02
3.15879700E+02
3.16019501E+02
3.16089417E+02
3.16159332E+02
3.16299133E+02
3.16369080E+02
3.16438995E+02
3.16579224E+02
3.16648712E+02
3.16718628E+02
3.16858459E+02
3.16861237E+02
3.17012207E+02
3.17069946E+02
3.17208008E+02
3.17277924E+02
3.17347839E+02
3.17487671E+02
3.17557587E+02
3.17627502E+02
3.17767303E+02
3.17837341E+02
3.17977051E+02
3.18046967E+02
3.18116882E+02
3.18256683E+02
3.18337982E+02
3.18396698E+02
3.18536346E+02
3.18606262E+02
3.18676666E+02
3.18825470E+02
3.18885925E+02
3.18957520E+02
3.19095642E+02
3.19165558E+02
3.19305389E+02
3.19402161E+02
3.19532410E+02
3.19585052E+02
3.19655792E+02
3.19801910E+02
3.19883881E+02
3.19934723E+02
3.20082672E+02
3.20171173E+02
3.20314911E+02
3.20357086E+02
3.20493896E+02
3.20633728E+02
3.20721039E+02
3.20783600E+02
3.20913391E+02
3.20984680E+02
3.21054047E+02
3.21212677E+02
3.21266724E+02
3.21402771E+02
3.21488525E+02
3.21542572E+02
3.21694397E+02
3.21825714E+02
3.21904846E+02
3.21994568E+02
3.22133057E+02
3.22183319E+02
3.22313934E+02
3.22406189E+02
3.22552734E+02
3.22615601E+02
3.22731506E+02
3.22822632E+02
3.22973145E+02
3.23012909E+02
3.23177795E+02
3.23233490E+02
3.23304657E+02
3.23432556E+02
3.23523743E+02
3.23673676E+02
3.23711243E+02
3.23862091E+02
3.23947571E+02
3.24072876E+02
3.24164032E+02
3.24277740E+02
3.24429077E+02
3.24490295E+02
3.24641571E+02
3.24720917E+02
3.24863098E+02
3.24931702E+02
3.25056824E+02
3.25204834E+02
3.25257751E+02
3.25422455E+02
3.25486481E+02
3.25628632E+02
3.25686005E+02
3.25810547E+02
3.25899841E+02
3.25960541E+02
3.26105896E+02
3.26183746E+02
3.26303040E+02
3.26459534E+02
3.26589722E+02
3.26680237E+02
3.26786133E+02
3.26874084E+02
3.27009094E+02
3.27085846E+02
3.27226044E+02
3.27353363E+02
3.27438049E+02
3.27589508E+02
3.27655823E+02
3.27797302E+02
3.27939117E+02
3.28076477E+02
3.28044617E+02
3.28199036E+02
3.28340515E+02
3.28496857E+02
3.28547760E+02
3.28630890E+02
3.28778259E+02
3.28916290E+02
3.28985565E+02
3.29127808E+02
3.29197723E+02
3.29330780E+02
3.29477356E+02
3.29608765E+02
3.29687134E+02
3.29810425E+02
3.29895630E+02
3.30036591E+02
3.30106262E+02
3.30246429E+02
3.30385742E+02
3.30516357E+02
3.30595947E+02
3.30735809E+02
3.30805725E+02
3.30937408E+02
3.31085358E+02
3.31155243E+02
3.31279083E+02
3.31431519E+02
3.31502411E+02
3.31644653E+02
3.31784485E+02
3.31924316E+02
3.31994202E+02
3.32056580E+02
3.32203949E+02
3.32343781E+02
3.32405640E+02
3.32553497E+02
3.32693359E+02
3.32763245E+02
3.32898834E+02
3.33042908E+02
3.33112793E+02
3.33252655E+02
3.33392456E+02
3.33532288E+02
3.33672119E+02
3.33742035E+02
3.33881836E+02
3.33951752E+02
3.34091583E+02
3.34231415E+02
3.34371246E+02
3.34441132E+02
3.34580414E+02
3.34626984E+02
3.34790710E+02
3.34930450E+02
3.35068359E+02
3.35140289E+02
3.35280090E+02
3.35419922E+02
3.35559753E+02
3.35629669E+02
3.35839386E+02
3.35909302E+02
3.35979218E+02
3.36119049E+02
3.36328796E+02
3.36398682E+02
3.36468597E+02
3.36606018E+02
3.36747040E+02
3.36818176E+02
3.36957977E+02
3.37097839E+02
3.37237640E+02
3.37377472E+02
3.37498108E+02
3.37587219E+02
3.37727020E+02
3.37852478E+02
3.38006683E+02
3.38915527E+02
3.40873077E+02
3.43106903E+02
3.46326233E+02
3.50520996E+02
3.54855560E+02
3.59819336E+02
3.65482239E+02
3.72823029E+02
3.79464722E+02
3.86106384E+02
3.93866638E+02
4.00718048E+02
4.07359741E+02
4.13861603E+02
4.21412170E+02
4.27774170E+02
4.34147888E+02
4.41337463E+02
4.47766632E+02
4.53919250E+02
4.61107849E+02
4.67123169E+02
4.73206696E+02
4.79082794E+02
4.86272369E+02
4.92010193E+02
4.98093689E+02
5.05075867E+02
5.10813721E+02
5.16689819E+02
5.23533752E+02
5.29340698E+02
5.34940308E+02
5.40609009E+02
5.47245544E+02
5.52706909E+02
5.58234558E+02
5.63906006E+02
5.70542542E+02
5.76142151E+02
5.82709595E+02
5.88239990E+02
5.93632202E+02
5.98886108E+02
6.04831360E+02
6.09393982E+02
6.13541809E+02
6.17274841E+02
6.22736206E+02
6.25017517E+02
6.28819702E+02
6.31654053E+02
6.36009216E+02
6.39258423E+02
6.41816223E+02
6.44235840E+02
6.47346680E+02
6.51425415E+02
6.53983215E+02
6.56817566E+02
6.59582764E+02
6.64532654E+02
6.68468567E+02
6.72545166E+02
6.77816467E+02
6.82314697E+02
6.86883240E+02
6.91943726E+02
6.94263123E+02
6.97636780E+02
6.99815613E+02
7.02908142E+02
7.03470459E+02
7.05368164E+02
7.07265869E+02
7.09374390E+02
7.12185791E+02
7.14434875E+02
7.15840576E+02
7.17949097E+02
7.19214233E+02
7.20409119E+02
7.22447327E+02
7.25329041E+02
7.26945557E+02
7.28421570E+02
7.31092407E+02
7.32427795E+02
7.33482056E+02
7.34606628E+02
7.35801453E+02
7.37628845E+02
7.39175171E+02
7.40791687E+02
7.43040833E+02
7.43673340E+02
7.44938477E+02
7.45430481E+02
7.46625305E+02
7.46906433E+02
7.47960754E+02
7.49858398E+02
7.51404663E+02
7.52599487E+02
7.52810364E+02
7.53653748E+02
7.53864563E+02
7.54426941E+02
7.56184082E+02
7.57387024E+02
7.57171631E+02
7.59182007E+02
7.59182007E+02
7.59684570E+02
7.57867554E+02
7.60043640E+02
7.61766785E+02
7.63705383E+02
7.65428589E+02
7.66577393E+02
7.67869751E+02
7.68372375E+02
7.67510742E+02
7.67367126E+02
7.66649170E+02
7.68223999E+02
7.69808350E+02
7.71100769E+02
7.73398315E+02
7.74044495E+02
7.71818726E+02
7.70669983E+02
7.71244324E+02
7.72895752E+02
7.73541931E+02
7.73182922E+02
7.71962280E+02
7.72034119E+02
7.74188171E+02
7.73182922E+02
7.72105957E+02
7.72752136E+02
7.73467651E+02
7.74547180E+02
7.74403564E+02
7.73182922E+02
7.74188171E+02
7.71316162E+02
7.68946777E+02
7.69090332E+02
7.68515991E+02
7.68587769E+02
7.68946777E+02
7.69090332E+02
7.69880127E+02
7.69951904E+02
7.69951904E+02
7.69233948E+02
7.68659607E+02
7.67367126E+02
7.66433777E+02
7.66649170E+02
7.66146606E+02
7.67797913E+02
7.65500366E+02
7.61838562E+02
7.56043518E+02
7.55200012E+02
7.54848633E+02
7.55340576E+02
7.56465210E+02
7.56113770E+02
7.55481140E+02
7.53934937E+02
7.52248108E+02
7.51545227E+02
7.52037231E+02
7.52458984E+02
7.51404663E+02
7.46976746E+02
7.40299683E+02
7.38050598E+02
7.38120850E+02
7.36785461E+02
7.37066589E+02
7.35590576E+02
7.32708923E+02
7.32076355E+02
7.30740967E+02
7.29335266E+02
7.27507874E+02
7.27296997E+02
7.27086182E+02
7.24485596E+02
7.23853027E+02
7.21393066E+02
7.20338806E+02
7.20409119E+02
7.19073669E+02
7.16402832E+02
7.15208008E+02
7.12677734E+02
7.11974915E+02
7.08882385E+02
7.06352112E+02
7.05227600E+02
7.04595032E+02
7.02627014E+02
7.01853882E+02
6.98128784E+02
6.98199036E+02
6.95809387E+02
6.93981995E+02
6.93419739E+02
6.90819153E+02
6.88148315E+02
6.86250671E+02
6.81330688E+02
6.81822754E+02
6.81190125E+02
6.79011353E+02
6.77183899E+02
6.71701721E+02
6.65868103E+02
6.63829834E+02
6.59859314E+02
6.57716309E+02
6.57716309E+02
6.53637573E+02
6.52047607E+02
6.47208435E+02
6.41747070E+02
6.42231018E+02
6.41194092E+02
6.38567078E+02
6.35317993E+02
6.31446655E+02
6.28543152E+02
6.25916199E+02
6.21422668E+02
6.17067505E+02
6.15754028E+02
6.13887512E+02
6.10845764E+02
6.04209167E+02
6.00199646E+02
5.93217407E+02
5.90313965E+02
5.87963501E+02
5.82087402E+02
5.77179077E+02
5.72409119E+02
5.69713013E+02
5.64666443E+02
5.58790344E+02
5.54919067E+02
5.49734253E+02
5.46899902E+02
5.41507751E+02
5.38396851E+02
5.35908142E+02
5.35216858E+02
5.29064209E+02
5.24294189E+02
5.17381165E+02
5.08739807E+02
4.78737122E+02
3.09934631E+02
2.15815292E+02
1.81613068E+02
1.65793625E+02
1.56638840E+02
1.51658646E+02
1.49095322E+02
1.47117874E+02
1.46385513E+02
1.44993973E+02
1.44263779E+02
1.44628174E+02
1.44847885E+02
1.45653503E+02
1.45726746E+02
1.45360550E+02
1.45287308E+02
1.44701416E+02
1.44261978E+02
1.44408463E+02
1.44556961E+02
1.44994354E+02
1.44847885E+02
1.45214081E+02
1.45287308E+02
1.45433792E+02
1.45214081E+02
1.44481689E+02
1.43969025E+02
1.44115509E+02
1.44628174E+02
1.44994354E+02
1.45726746E+02
1.45580261E+02
1.45580261E+02
1.44847885E+02
1.44188736E+02
1.43749313E+02
1.43969025E+02
1.44115509E+02
1.44921127E+02
1.45580261E+02
1.46166168E+02
1.45946457E+02
1.45360550E+02
1.44774643E+02
1.44261978E+02
1.44115509E+02
1.44554932E+02
1.44261978E+02
1.43749313E+02
1.44042267E+02
1.43895782E+02
1.44554932E+02
1.45287308E+02
1.45214081E+02
1.45140839E+02
1.45140839E+02
1.44628174E+02
1.44847885E+02
1.44628174E+02
1.44774643E+02
1.45214081E+02
1.44921127E+02
1.44115509E+02
1.44115509E+02
1.44847885E+02
1.44921127E+02
1.44994354E+02
1.43749313E+02
1.43822556E+02
1.44481689E+02
1.44408463E+02
1.44554932E+02
1.44775940E+02
1.44188736E+02
1.44194885E+02
1.43823975E+02
1.43822723E+02
1.44042267E+02
1.43918137E+02
1.44554932E+02
1.44335220E+02
1.44338043E+02
1.44847885E+02
1.44408661E+02
1.44638428E+02
1.44340790E+02
1.43974533E+02
1.43752991E+02
1.43456360E+02
1.44055374E+02
1.44565659E+02
1.44628174E+02
1.44994354E+02
1.45434677E+02
1.45067596E+02
1.44042267E+02
1.44115509E+02
1.44051880E+02
1.44335220E+02
1.44996826E+02
1.44774643E+02
1.44124023E+02
1.44129059E+02
1.44269608E+02
1.44335251E+02
1.44115952E+02
1.44409332E+02
1.44628174E+02
1.44858780E+02
1.44120636E+02
1.43823685E+02
1.44261978E+02
1.44937866E+02
1.44774643E+02
1.44336365E+02
1.43895782E+02
1.44115509E+02
1.43833038E+02
1.43970490E+02
1.44481689E+02
1.44796997E+02
1.43969025E+02
1.43676071E+02
1.43604004E+02
1.43970413E+02
1.44056854E+02
1.44648941E+02
1.44774643E+02
1.43969025E+02
1.43327957E+02
1.44197571E+02
1.44481689E+02
1.44188965E+02
1.44119049E+02
1.44119553E+02
1.43845337E+02
1.43977539E+02
1.44188736E+02
1.44276917E+02
1.44191559E+02
1.44335220E+02
1.44481689E+02
1.44338776E+02
1.43971329E+02
1.43550293E+02
1.43536301E+02
1.43677368E+02
1.43822556E+02
1.44206970E+02
1.44353897E+02
1.43895782E+02
1.44055374E+02
1.43676071E+02
1.44115509E+02
1.44335785E+02
1.44262238E+02
1.44921127E+02
1.44115540E+02
1.44115601E+02
1.44042831E+02
1.44576538E+02
1.44050110E+02
1.43834396E+02
1.44042267E+02
1.44349380E+02
1.43823318E+02
1.43603043E+02
1.44203644E+02
1.44435547E+02
1.44115509E+02
1.44062897E+02
1.44335220E+02
1.43530991E+02
1.43460922E+02
1.43473221E+02
1.44065140E+02
1.44588638E+02
1.44348648E+02
1.44782715E+02
1.44851944E+02
1.44280838E+02
1.43923264E+02
1.43177307E+02
1.43309891E+02
1.43557953E+02
1.43851349E+02
1.44205338E+02
1.43902817E+02
1.43248291E+02
1.43479813E+02
1.43841293E+02
1.44071533E+02
1.44272400E+02
1.43692123E+02
1.43753052E+02
1.44053741E+02
1.43998016E+02
1.44045074E+02
1.43676514E+02
1.43343460E+02
1.43463013E+02
1.42964462E+02
1.43322205E+02
1.43474091E+02
1.43783463E+02
1.43529587E+02
1.43913605E+02
1.43685349E+02
1.43464996E+02
1.43395813E+02
1.43116089E+02
1.43023163E+02
1.43394516E+02
1.43636520E+02
1.43345840E+02
1.42724548E+02
1.42817734E+02
1.42532089E+02
1.42613846E+02
1.43124481E+02
1.42878937E+02
1.43473663E+02
1.43531937E+02
1.43394394E+02
1.43026794E+02
1.42504272E+02
1.43050919E+02
1.43314545E+02
1.43551880E+02
1.42979263E+02
1.42976868E+02
1.42675339E+02
1.42815140E+02
1.42678207E+02
1.43023636E+02
1.43774002E+02
1.43921997E+02
1.43262161E+02
1.43124481E+02
1.42463623E+02
1.42445938E+02
1.42320892E+02
1.43046829E+02
1.43175537E+02
1.43041489E+02
1.43048264E+02
1.42972809E+02
1.42905106E+02
1.42980026E+02
1.42963791E+02
1.43262405E+02
1.42906799E+02
1.42899231E+02
1.42905777E+02
1.42833557E+02
1.42980026E+02
1.42959930E+02
1.42687073E+02
1.43416931E+02
1.43708740E+02
1.43628601E+02
1.43492691E+02
1.42980026E+02
1.43126511E+02
1.42760315E+02
1.42101181E+02
1.42833557E+02
1.43199738E+02
1.43126511E+02
1.43346222E+02
1.43492691E+02
1.43345901E+02
1.42959229E+02
1.43199738E+02
1.43124649E+02
1.42977737E+02
1.42613846E+02
1.42820450E+02
1.42980026E+02
1.43419464E+02
1.43272980E+02
1.43199493E+02
1.43126511E+02
1.43419464E+02
1.42674515E+02
1.42320511E+02
1.42906799E+02
1.43346222E+02
1.43491272E+02
1.44288681E+02
1.43712418E+02
1.43174713E+02
1.42467361E+02
1.42027939E+02
1.41075836E+02
1.41149078E+02
1.40196976E+02
1.39180801E+02
1.38552628E+02
1.38053802E+02
1.37269913E+02
1.36557281E+02
1.35559601E+02
1.35203293E+02
1.34982727E+02
1.34775726E+02
1.34775726E+02
1.34775726E+02
1.34775726E+02
1.34629333E+02
1.34347397E+02
1.34063095E+02
1.33635513E+02
1.33065414E+02
1.32352798E+02
1.31568909E+02
1.30713760E+02
1.29644821E+02
1.28932205E+02
1.28362091E+02
1.28219574E+02
1.27649475E+02
1.26865578E+02
1.26438011E+02
1.26081688E+02
1.25796638E+02
1.25440331E+02
TERM
