SR1 table
2.91761169E+02
2.91546906E+02
2.91332642E+02
2.91261230E+02
2.91046967E+02
2.90832703E+02
2.90904114E+02
2.90618439E+02
2.90475616E+02
2.90332764E+02
2.90118500E+02
2.89904266E+02
2.89832825E+02
2.89618591E+02
2.89547150E+02
2.89332916E+02
2.89261475E+02
2.89047211E+02
2.88904388E+02
2.88761536E+02
2.88690125E+02
2.88547302E+02
2.88333038E+02
2.88333038E+02
2.87975952E+02
2.87975952E+02
2.87761688E+02
2.87761688E+02
2.87618835E+02
2.87404572E+02
2.87333160E+02
2.87476013E+02
2.87476013E+02
2.87404968E+02
2.87476379E+02
2.87619232E+02
2.87619232E+02
2.87690643E+02
2.87762054E+02
2.87904907E+02
2.87833496E+02
2.87849945E+02
2.87978546E+02
2.87905762E+02
2.88261993E+02
2.88261993E+02
2.88136719E+02
2.88274048E+02
2.88261993E+02
2.88334625E+02
2.88404846E+02
2.88405029E+02
2.88476257E+02
2.88619110E+02
2.88690521E+02
2.88837189E+02
2.88690521E+02
2.89057129E+02
2.89072784E+02
2.89119019E+02
2.89333282E+02
2.89190460E+02
2.89333282E+02
2.89333527E+02
2.89476135E+02
2.89577087E+02
2.89690369E+02
2.89847626E+02
2.89916718E+02
2.90130646E+02
2.90204590E+02
2.90353149E+02
2.90404572E+02
2.90628326E+02
2.90623779E+02
2.90926697E+02
2.90933014E+02
2.91047333E+02
2.91190552E+02
2.91357208E+02
2.91558136E+02
2.91837952E+02
2.91995056E+02
2.92205688E+02
2.92404602E+02
2.92629303E+02
2.92923523E+02
2.93134949E+02
2.93189941E+02
2.93428375E+02
2.93724243E+02
2.93856476E+02
2.93976105E+02
2.94205933E+02
2.94359985E+02
2.94723114E+02
2.94836884E+02
2.95065338E+02
2.95205231E+02
2.95550354E+02
2.95721466E+02
2.95712708E+02
2.95791779E+02
2.95776001E+02
2.95721191E+02
2.95795990E+02
2.95788300E+02
2.95773499E+02
2.95851227E+02
2.95718475E+02
2.95724579E+02
2.95795990E+02
2.95724579E+02
2.95781921E+02
2.95789795E+02
2.95581726E+02
2.95724579E+02
2.95630432E+02
2.95720245E+02
2.95724579E+02
2.95724579E+02
2.95724579E+02
2.95724579E+02
2.95724579E+02
2.95653137E+02
2.95795990E+02
2.95653137E+02
2.95724579E+02
2.95653137E+02
2.95653137E+02
2.95724579E+02
2.95653137E+02
2.95724579E+02
2.95653137E+02
2.95724579E+02
2.95653137E+02
2.95653137E+02
2.95581726E+02
2.95724579E+02
2.95651550E+02
2.95652283E+02
2.95724579E+02
2.95723450E+02
2.95714325E+02
2.95653137E+02
2.95646210E+02
2.95646210E+02
2.95695312E+02
2.95724579E+02
2.95706512E+02
2.95652252E+02
2.95625824E+02
2.95650391E+02
2.95653137E+02
2.95710175E+02
2.95638763E+02
2.95647583E+02
2.95649872E+02
2.95581726E+02
2.95640869E+02
2.95722565E+02
2.95724579E+02
2.95700348E+02
2.95624420E+02
2.95624268E+02
2.95706909E+02
2.95624176E+02
2.95720093E+02
2.95723999E+02
2.95707916E+02
2.95719147E+02
2.95778198E+02
2.95698792E+02
2.95702454E+02
2.95723572E+02
2.95778687E+02
2.95774139E+02
2.95689911E+02
2.95772797E+02
2.95689819E+02
2.95761047E+02
2.95761993E+02
2.95772797E+02
2.95765656E+02
2.95689636E+02
2.95694977E+02
2.95777191E+02
2.95713806E+02
2.95691589E+02
2.95832458E+02
2.95689636E+02
2.95761047E+02
2.95692688E+02
2.95761047E+02
2.95761047E+02
2.95689636E+02
2.95846832E+02
2.95846985E+02
2.95832458E+02
2.95833679E+02
2.95761047E+02
2.95761047E+02
2.95761047E+02
2.95832458E+02
2.95832458E+02
2.95832458E+02
2.95773682E+02
2.95832458E+02
2.95832458E+02
2.95903870E+02
2.95903870E+02
2.95832458E+02
2.95761047E+02
2.95975311E+02
2.95975311E+02
2.95903870E+02
2.95832458E+02
2.95903870E+02
2.95903870E+02
2.95903870E+02
2.95903870E+02
2.95903870E+02
2.95975311E+02
2.95903870E+02
2.95903870E+02
2.95903870E+02
2.95975311E+02
2.95903870E+02
2.95975311E+02
2.95975311E+02
2.95903870E+02
2.96046722E+02
2.95975311E+02
2.95975311E+02
2.96046722E+02
2.96046722E+02
2.96046722E+02
2.96046722E+02
2.96046722E+02
2.95975311E+02
2.96118134E+02
2.96046722E+02
2.96118134E+02
2.96046722E+02
2.96118134E+02
2.96118134E+02
2.96118134E+02
2.96118134E+02
2.96133789E+02
2.96189545E+02
2.96189545E+02
2.96118134E+02
2.96260986E+02
2.96194366E+02
2.96189545E+02
2.96118134E+02
2.96189545E+02
2.96270477E+02
2.96358551E+02
2.96261230E+02
2.96332397E+02
2.96332397E+02
2.96260986E+02
2.96403809E+02
2.96190430E+02
2.96332397E+02
2.96336212E+02
2.96423828E+02
2.96417877E+02
2.96404053E+02
2.96475525E+02
2.96335785E+02
2.96345734E+02
2.96569366E+02
2.96495911E+02
2.96480042E+02
2.96404358E+02
2.96581085E+02
2.96490295E+02
2.96491943E+02
2.96578369E+02
2.96644135E+02
2.96633881E+02
2.96714203E+02
2.96650970E+02
2.96710144E+02
2.96646332E+02
2.96724426E+02
2.96724426E+02
2.96708984E+02
2.96638947E+02
2.96724426E+02
2.96724426E+02
2.96724426E+02
2.96794098E+02
2.96793396E+02
2.96867279E+02
2.96795837E+02
2.96795105E+02
2.96867279E+02
2.96845306E+02
2.96867279E+02
2.97010101E+02
2.96938690E+02
2.96938690E+02
2.97081543E+02
2.96938690E+02
2.97010101E+02
2.97010101E+02
2.97010101E+02
2.97081543E+02
2.97224365E+02
2.97081543E+02
2.97081543E+02
2.97214294E+02
2.97152954E+02
2.97224365E+02
2.97224365E+02
2.97295776E+02
2.97213013E+02
2.97295776E+02
2.97367218E+02
2.97367218E+02
2.97295776E+02
2.97438629E+02
2.97438629E+02
2.97367218E+02
2.97438629E+02
2.97510040E+02
2.97510040E+02
2.97510040E+02
2.97510040E+02
2.97581482E+02
2.97581482E+02
2.97652893E+02
2.97652893E+02
2.97724304E+02
2.97652893E+02
2.97724304E+02
2.97652893E+02
2.97652893E+02
2.97724304E+02
2.97795715E+02
2.97795715E+02
2.97795715E+02
2.97938568E+02
2.97938568E+02
2.97938568E+02
2.98081390E+02
2.97938568E+02
2.98009979E+02
2.98081390E+02
2.98009979E+02
2.98009979E+02
2.98152832E+02
2.98152832E+02
2.98224243E+02
2.98218842E+02
2.98224243E+02
2.98293427E+02
2.98224243E+02
2.98295654E+02
2.98295654E+02
2.98347717E+02
2.98438507E+02
2.98509918E+02
2.98509918E+02
2.98581329E+02
2.98571838E+02
2.98652313E+02
2.98637787E+02
2.98652740E+02
2.98652740E+02
2.98724182E+02
2.98717499E+02
2.98724182E+02
2.98723602E+02
2.98795593E+02
2.98938446E+02
2.98867004E+02
2.98867004E+02
2.98938446E+02
2.98938446E+02
2.98938446E+02
2.99009857E+02
2.99009857E+02
2.99081268E+02
2.99152679E+02
2.99152679E+02
2.99152679E+02
2.99295532E+02
2.99366943E+02
2.99366943E+02
2.99366943E+02
2.99366943E+02
2.99438354E+02
2.99509796E+02
2.99438354E+02
2.99509796E+02
2.99652618E+02
2.99652618E+02
2.99652618E+02
2.99652618E+02
2.99581207E+02
2.99652618E+02
2.99795471E+02
2.99795471E+02
2.99795471E+02
2.99866882E+02
2.99861328E+02
3.00009613E+02
2.99938293E+02
2.99938293E+02
3.00009705E+02
3.00081146E+02
3.00152557E+02
3.00223969E+02
3.00223969E+02
3.00295410E+02
3.00366821E+02
3.00438232E+02
3.00295410E+02
3.00438232E+02
3.00509521E+02
3.00438232E+02
3.00438232E+02
3.00506134E+02
3.00581085E+02
3.00581085E+02
3.00652496E+02
3.00723907E+02
3.00723907E+02
3.00795319E+02
3.00938171E+02
3.00866760E+02
3.01009583E+02
3.01009583E+02
3.01152435E+02
3.01070801E+02
3.01081024E+02
3.01223877E+02
3.01295288E+02
3.01223877E+02
3.01366699E+02
3.01366699E+02
3.01366516E+02
3.01580963E+02
3.01580963E+02
3.01580963E+02
3.01580963E+02
3.01580963E+02
3.01723816E+02
3.01795227E+02
3.01795227E+02
3.01795227E+02
3.01938049E+02
3.01938049E+02
3.02009491E+02
3.02152313E+02
3.02080902E+02
3.02152130E+02
3.02152313E+02
3.02223755E+02
3.02223755E+02
3.02437988E+02
3.02437988E+02
3.02437134E+02
3.02580841E+02
3.02509430E+02
3.02652252E+02
3.02580841E+02
3.02795105E+02
3.02795105E+02
3.02866516E+02
3.02866516E+02
3.03009338E+02
3.03009338E+02
3.03009338E+02
3.03152191E+02
3.03152191E+02
3.03152191E+02
3.03295013E+02
3.03223602E+02
3.03295013E+02
3.03437866E+02
3.03509277E+02
3.03509277E+02
3.03580719E+02
3.03652130E+02
3.03723541E+02
3.03723541E+02
3.03866394E+02
3.03937805E+02
3.03866394E+02
3.03937805E+02
3.04080627E+02
3.04009216E+02
3.04080627E+02
3.04223480E+02
3.04294891E+02
3.04366302E+02
3.04509155E+02
3.04509155E+02
3.04509155E+02
3.04652008E+02
3.04652008E+02
3.04723419E+02
3.04794830E+02
3.04866241E+02
3.04794830E+02
3.04937683E+02
3.05009094E+02
3.05151917E+02
3.05223358E+02
3.05223358E+02
3.05294769E+02
3.05294769E+02
3.05437592E+02
3.05509033E+02
3.05509033E+02
3.05580444E+02
3.05794708E+02
3.05794708E+02
3.05794708E+02
3.05866119E+02
3.05937531E+02
3.06008972E+02
3.06080383E+02
3.06151794E+02
3.06151794E+02
3.06294647E+02
3.06294647E+02
3.06366058E+02
3.06437469E+02
3.06508911E+02
3.06580322E+02
3.06651733E+02
3.06723145E+02
3.06723145E+02
3.06794586E+02
3.06937408E+02
3.07080261E+02
3.07151672E+02
3.07151672E+02
3.07151672E+02
3.07223083E+02
3.07365936E+02
3.07366302E+02
3.07509125E+02
3.07509125E+02
3.07580536E+02
3.07651978E+02
3.07795288E+02
3.07866211E+02
3.07937653E+02
3.08080475E+02
3.08009064E+02
3.08085297E+02
3.08223328E+02
3.08223328E+02
3.08294739E+02
3.08366150E+02
3.08509003E+02
3.08651825E+02
3.08580414E+02
3.08723267E+02
3.08794678E+02
3.09008942E+02
3.08937500E+02
3.09080353E+02
3.09080353E+02
3.09223175E+02
3.09223175E+02
3.09294617E+02
3.09437469E+02
3.09528229E+02
3.09654297E+02
3.09651733E+02
3.09723145E+02
3.09799377E+02
3.09865997E+02
3.09937408E+02
3.09870056E+02
3.10008820E+02
3.10008820E+02
3.10223083E+02
3.10295441E+02
3.10366577E+02
3.10376465E+02
3.10387207E+02
3.10514771E+02
3.10651611E+02
3.10730896E+02
3.10795807E+02
3.10794678E+02
3.10937286E+02
3.11008698E+02
3.11035950E+02
3.11093201E+02
3.11305573E+02
3.11313873E+02
3.11468292E+02
3.11527985E+02
3.11594910E+02
3.11656281E+02
3.11684967E+02
3.11879791E+02
3.11799408E+02
3.11970459E+02
3.12041901E+02
3.12100708E+02
3.12185364E+02
3.12306305E+02
3.12369293E+02
3.12370850E+02
3.12451172E+02
3.12543427E+02
3.12598694E+02
3.12756256E+02
3.12747040E+02
3.12829132E+02
3.12971954E+02
3.12897675E+02
3.13113800E+02
3.13164246E+02
3.13257629E+02
3.13329041E+02
3.13394287E+02
3.13392822E+02
3.13614716E+02
3.13610413E+02
3.13685913E+02
3.13757568E+02
3.13900391E+02
3.13970459E+02
3.14042755E+02
3.14114655E+02
3.14183624E+02
3.14319519E+02
3.14396820E+02
3.14470184E+02
3.14613861E+02
3.14614594E+02
3.14828857E+02
3.14900269E+02
3.14888916E+02
3.14971680E+02
3.15111877E+02
3.15104858E+02
3.15182007E+02
3.15251434E+02
3.15307739E+02
3.15391754E+02
3.15601471E+02
3.15601471E+02
3.15601471E+02
3.15741302E+02
3.15811096E+02
3.15881104E+02
3.15951019E+02
3.16020935E+02
3.16230652E+02
3.16230652E+02
3.16230652E+02
3.16299103E+02
3.16510284E+02
3.16510284E+02
3.16575470E+02
3.16650116E+02
3.16720032E+02
3.16859833E+02
3.16929749E+02
3.16999664E+02
3.17139465E+02
3.17139465E+02
3.17279297E+02
3.17419098E+02
3.17419098E+02
3.17628845E+02
3.17628845E+02
3.17768677E+02
3.17768677E+02
3.17838593E+02
3.17908508E+02
3.18048309E+02
3.18118225E+02
3.18188141E+02
3.18316833E+02
3.18397858E+02
3.18467773E+02
3.18677490E+02
3.18677490E+02
3.18747406E+02
3.18817322E+02
3.18887238E+02
3.19027039E+02
3.19096954E+02
3.19166870E+02
3.19166870E+02
3.19376587E+02
3.19376587E+02
3.19516418E+02
3.19516418E+02
3.19726135E+02
3.19865967E+02
3.19935852E+02
3.20005768E+02
3.20075684E+02
3.20285400E+02
3.20355316E+02
3.20425232E+02
3.20495148E+02
3.20565063E+02
3.20565063E+02
3.20774780E+02
3.20844696E+02
3.20844696E+02
3.20984497E+02
3.21124329E+02
3.21194244E+02
3.21264130E+02
3.21334045E+02
3.21473877E+02
3.21613678E+02
3.21751770E+02
3.21683594E+02
3.21893311E+02
3.21963226E+02
3.22033142E+02
3.22103058E+02
3.22172974E+02
3.22382690E+02
3.22452606E+02
3.22522522E+02
3.22522522E+02
3.22662323E+02
3.22732239E+02
3.22941956E+02
3.23011871E+02
3.23081787E+02
3.23221588E+02
3.23291504E+02
3.23361420E+02
3.23415222E+02
3.23623138E+02
3.23710968E+02
3.23850769E+02
3.23844238E+02
3.23920685E+02
3.23980286E+02
3.24130432E+02
3.24198151E+02
3.24270233E+02
3.24410065E+02
3.24619781E+02
3.24619781E+02
3.24759613E+02
3.24827332E+02
3.24969330E+02
3.25039246E+02
3.25179047E+02
3.25318878E+02
3.25248962E+02
3.25458710E+02
3.25598511E+02
3.25738342E+02
3.25808228E+02
3.25808228E+02
3.25948090E+02
3.26087402E+02
3.26157806E+02
3.26227722E+02
3.26297638E+02
3.26437439E+02
3.26507355E+02
3.26645630E+02
3.26786987E+02
3.26926819E+02
3.26996735E+02
3.27066620E+02
3.27206451E+02
3.27346252E+02
3.27346252E+02
3.27486084E+02
3.27556000E+02
3.27695801E+02
3.27765717E+02
3.27975464E+02
3.28045349E+02
3.28185181E+02
3.28255096E+02
3.28323456E+02
3.28464813E+02
3.28534729E+02
3.28674530E+02
3.28884277E+02
3.28881927E+02
3.29089294E+02
3.29163910E+02
3.29233826E+02
3.29363007E+02
3.29513458E+02
3.29583374E+02
3.29722931E+02
3.29863007E+02
3.30001587E+02
3.30072693E+02
3.30142639E+02
3.30282440E+02
3.30422272E+02
3.30492188E+02
3.30631989E+02
3.30689514E+02
3.30840515E+02
3.30981537E+02
3.31051453E+02
3.31121368E+02
3.31261200E+02
3.31401001E+02
3.31540833E+02
3.31610718E+02
3.31750549E+02
3.31820465E+02
3.31960266E+02
3.32030182E+02
3.32170013E+02
3.32308472E+02
3.32379730E+02
3.32519562E+02
3.32659363E+02
3.32799194E+02
3.32869110E+02
3.33008911E+02
3.33148743E+02
3.33218628E+02
3.33358459E+02
3.33428375E+02
3.33568176E+02
3.33638092E+02
3.33847839E+02
3.33917725E+02
3.34057556E+02
3.34127472E+02
3.34267303E+02
3.34407135E+02
3.34546936E+02
3.34686768E+02
3.34826569E+02
3.34896484E+02
3.35036316E+02
3.35176117E+02
3.35315948E+02
3.35455750E+02
3.35525665E+02
3.35665497E+02
3.35805298E+02
3.35875214E+02
3.36015045E+02
3.36224762E+02
3.36294678E+02
3.36364594E+02
3.36504395E+02
3.36714111E+02
3.36714111E+02
3.36993774E+02
3.37063660E+02
3.37133575E+02
3.37273407E+02
3.37413208E+02
3.37483124E+02
3.37622955E+02
3.37832672E+02
3.37902588E+02
3.37972504E+02
3.38112305E+02
3.38322052E+02
3.38322052E+02
3.38531769E+02
3.38741486E+02
3.38741486E+02
3.38881317E+02
3.39091034E+02
3.39160950E+02
3.39230865E+02
3.39440582E+02
3.39580414E+02
3.39650299E+02
3.39720215E+02
3.39929962E+02
3.40069763E+02
3.40209595E+02
3.40279510E+02
3.40419312E+02
3.40489227E+02
3.40768860E+02
3.41118408E+02
3.42027222E+02
3.43425446E+02
3.46151886E+02
3.49018188E+02
3.52863190E+02
3.57896667E+02
3.63000061E+02
3.68732635E+02
3.75164307E+02
3.83064056E+02
3.89775391E+02
3.96836212E+02
4.04805908E+02
4.11587128E+02
4.18368317E+02
4.26198181E+02
4.32796631E+02
4.39363770E+02
4.45861755E+02
4.53396698E+02
4.59894684E+02
4.66254425E+02
4.73651123E+02
4.80010834E+02
4.86232361E+02
4.93698151E+02
4.99838226E+02
5.06210266E+02
5.12431763E+02
5.19551880E+02
5.25773376E+02
5.31856628E+02
5.38907654E+02
5.44990845E+02
5.51143250E+02
5.57019104E+02
5.63586243E+02
5.69531250E+02
5.75614441E+02
5.82665527E+02
5.88679626E+02
5.94555420E+02
6.01399109E+02
6.07136719E+02
6.12597778E+02
6.18058899E+02
6.23519958E+02
6.27183716E+02
6.30709229E+02
6.36585083E+02
6.38378723E+02
6.42046143E+02
6.43981750E+02
6.47922058E+02
6.51240173E+02
6.53383118E+02
6.56009949E+02
6.58429443E+02
6.62094727E+02
6.64906067E+02
6.67365906E+02
6.70739441E+02
6.75729431E+02
6.79805786E+02
6.84655212E+02
6.89293823E+02
6.94564941E+02
6.99344116E+02
7.03982727E+02
7.06864258E+02
7.10659485E+02
7.11783630E+02
7.16000916E+02
7.17195740E+02
7.18795044E+02
7.19936707E+02
7.21131531E+02
7.24083313E+02
7.26543213E+02
7.27948853E+02
7.29354492E+02
7.30117554E+02
7.31673828E+02
7.33711975E+02
7.36312378E+02
7.37436890E+02
7.39756165E+02
7.42487854E+02
7.44042847E+02
7.45730164E+02
7.46784424E+02
7.47768372E+02
7.49876770E+02
7.51352295E+02
7.53601746E+02
7.54866821E+02
7.55569580E+02
7.57046509E+02
7.57908081E+02
7.58554199E+02
7.58841431E+02
7.60205566E+02
7.62574890E+02
7.65087769E+02
7.65805725E+02
7.65303162E+02
7.66667297E+02
7.66308289E+02
7.66021118E+02
7.67953552E+02
7.70041748E+02
7.69467346E+02
7.71046875E+02
7.71621277E+02
7.72482788E+02
7.70041748E+02
7.73344360E+02
7.73416138E+02
7.75498230E+02
7.76862366E+02
7.79016296E+02
7.80954773E+02
7.80739380E+02
7.79734253E+02
7.79375244E+02
7.77795715E+02
7.79375244E+02
7.80236816E+02
7.82318909E+02
7.83252258E+02
7.84544617E+02
7.82103516E+02
7.80811157E+02
7.81744507E+02
7.84329224E+02
7.84903564E+02
7.83036865E+02
7.82318909E+02
7.82749695E+02
7.84185608E+02
7.83108643E+02
7.82175293E+02
7.82247131E+02
7.83180481E+02
7.85118958E+02
7.85190735E+02
7.82462524E+02
7.83754822E+02
7.80739380E+02
7.78370117E+02
7.78082947E+02
7.77508545E+02
7.76934204E+02
7.77077759E+02
7.77795715E+02
7.79662415E+02
7.79375244E+02
7.76790588E+02
7.76503418E+02
7.76288025E+02
7.74708496E+02
7.73057190E+02
7.73782898E+02
7.72985718E+02
7.76288391E+02
7.74421692E+02
7.70544678E+02
7.65309509E+02
7.64657349E+02
7.64944580E+02
7.67170227E+02
7.69826721E+02
7.69683105E+02
7.70903625E+02
7.68318970E+02
7.65734314E+02
7.64872742E+02
7.66165100E+02
7.68031799E+02
7.65806091E+02
7.62431702E+02
7.55569946E+02
7.56061951E+02
7.57477661E+02
7.56061951E+02
7.57549438E+02
7.56694458E+02
7.55780823E+02
7.55165527E+02
7.54868408E+02
7.51845032E+02
7.50579956E+02
7.50369141E+02
7.51358337E+02
7.48895935E+02
7.47628113E+02
7.47363464E+02
7.45871094E+02
7.46644165E+02
7.44887085E+02
7.42848938E+02
7.43210571E+02
7.40248535E+02
7.40248535E+02
7.38913147E+02
7.35820862E+02
7.35333069E+02
7.33290649E+02
7.31393005E+02
7.31744751E+02
7.28722839E+02
7.26914795E+02
7.25783020E+02
7.23240295E+02
7.22888916E+02
7.19374817E+02
7.15790466E+02
7.13057922E+02
7.08410828E+02
7.09409241E+02
7.09183960E+02
7.05599548E+02
7.04124207E+02
6.98782227E+02
6.94635559E+02
6.92386597E+02
6.89153625E+02
6.85639526E+02
6.85850403E+02
6.82617432E+02
6.80790100E+02
6.76866150E+02
6.71864258E+02
6.70894348E+02
6.69544983E+02
6.66452576E+02
6.61402283E+02
6.57945862E+02
6.54420410E+02
6.52208313E+02
6.46263306E+02
6.43152771E+02
6.41286133E+02
6.39419678E+02
6.34235107E+02
6.27331604E+02
6.22690735E+02
6.14602844E+02
6.12183350E+02
6.08601074E+02
6.02851135E+02
5.95592712E+02
5.90408142E+02
5.88265198E+02
5.83361328E+02
5.77619507E+02
5.73471863E+02
5.67596008E+02
5.64070496E+02
5.57572510E+02
5.54599976E+02
5.51007874E+02
5.49899292E+02
5.44442444E+02
5.39737549E+02
5.33032104E+02
5.29299255E+02
5.19213745E+02
4.94182373E+02
3.78031036E+02
2.22888931E+02
1.84153717E+02
1.67523224E+02
1.58515305E+02
1.51997391E+02
1.48643478E+02
1.46944168E+02
1.44454178E+02
1.43819077E+02
1.43585358E+02
1.44307709E+02
1.44893799E+02
1.44893585E+02
1.44677155E+02
1.44309540E+02
1.43868286E+02
1.43504395E+02
1.43590164E+02
1.43648590E+02
1.44380936E+02
1.44380936E+02
1.44688751E+02
1.44988815E+02
1.44457901E+02
1.44089127E+02
1.43726242E+02
1.43229111E+02
1.43518692E+02
1.43797989E+02
1.44088120E+02
1.44539108E+02
1.44534546E+02
1.44777481E+02
1.43724991E+02
1.43464951E+02
1.42702225E+02
1.43004349E+02
1.43577148E+02
1.43948364E+02
1.44527405E+02
1.44972946E+02
1.45125244E+02
1.44755173E+02
1.44087997E+02
1.43575348E+02
1.43749268E+02
1.43742538E+02
1.43534454E+02
1.43151260E+02
1.42999481E+02
1.43233795E+02
1.43584976E+02
1.44381180E+02
1.44552277E+02
1.43945160E+02
1.44333511E+02
1.43951324E+02
1.44028046E+02
1.43736832E+02
1.44109573E+02
1.44019852E+02
1.43964722E+02
1.43518280E+02
1.43304810E+02
1.44101440E+02
1.44093277E+02
1.43942276E+02
1.42946930E+02
1.42481918E+02
1.43739822E+02
1.43795120E+02
1.43657700E+02
1.43955704E+02
1.43516739E+02
1.43065231E+02
1.43135941E+02
1.42989594E+02
1.43153702E+02
1.43079758E+02
1.43754578E+02
1.43387634E+02
1.43088181E+02
1.44114227E+02
1.43464951E+02
1.43604553E+02
1.43610291E+02
1.42952316E+02
1.42713623E+02
1.42793350E+02
1.43316559E+02
1.43588547E+02
1.44047867E+02
1.44269272E+02
1.44547470E+02
1.44563477E+02
1.43307724E+02
1.43098785E+02
1.43172012E+02
1.43450333E+02
1.43757889E+02
1.43756470E+02
1.43380966E+02
1.43232117E+02
1.43464951E+02
1.43464951E+02
1.42939819E+02
1.43389099E+02
1.43831131E+02
1.43976166E+02
1.42850464E+02
1.42937302E+02
1.43236801E+02
1.44028656E+02
1.43831131E+02
1.43391586E+02
1.43096756E+02
1.43391724E+02
1.42952271E+02
1.43098785E+02
1.43977600E+02
1.43904358E+02
1.43318176E+02
1.42802216E+02
1.42659378E+02
1.42864197E+02
1.43305511E+02
1.43970352E+02
1.43749451E+02
1.42952316E+02
1.42877457E+02
1.43318481E+02
1.43464951E+02
1.43012283E+02
1.43172012E+02
1.43318420E+02
1.42874649E+02
1.43239105E+02
1.43318481E+02
1.43464951E+02
1.43538193E+02
1.43611420E+02
1.43757889E+02
1.43318481E+02
1.43223068E+02
1.42659378E+02
1.42732605E+02
1.42510880E+02
1.42805847E+02
1.43245255E+02
1.43241714E+02
1.43380066E+02
1.42951431E+02
1.42732605E+02
1.43225311E+02
1.43021454E+02
1.43371445E+02
1.43684662E+02
1.43172012E+02
1.43025101E+02
1.43307571E+02
1.43318481E+02
1.42951736E+02
1.42879074E+02
1.43172012E+02
1.43391724E+02
1.42879074E+02
1.43025543E+02
1.43229187E+02
1.43091187E+02
1.43464706E+02
1.43245255E+02
1.43172012E+02
1.42652542E+02
1.42510559E+02
1.42780457E+02
1.43172012E+02
1.43535843E+02
1.43757889E+02
1.43520432E+02
1.43739975E+02
1.43172012E+02
1.42877274E+02
1.42863373E+02
1.42339005E+02
1.42194366E+02
1.42501541E+02
1.43021591E+02
1.42858353E+02
1.42494843E+02
1.42789093E+02
1.42728180E+02
1.42732040E+02
1.43505035E+02
1.42805847E+02
1.42868164E+02
1.42952179E+02
1.43067017E+02
1.43093842E+02
1.43016571E+02
1.42420959E+02
1.42504272E+02
1.41983994E+02
1.42567215E+02
1.42565216E+02
1.42506577E+02
1.42634537E+02
1.42879074E+02
1.42569153E+02
1.42512146E+02
1.42057419E+02
1.41927017E+02
1.42000198E+02
1.42215027E+02
1.42586136E+02
1.42439484E+02
1.41927017E+02
1.41926651E+02
1.41840363E+02
1.41560837E+02
1.42219177E+02
1.42439667E+02
1.42732605E+02
1.42728516E+02
1.42730804E+02
1.41986771E+02
1.41853775E+02
1.42146729E+02
1.42439667E+02
1.42805847E+02
1.42293198E+02
1.41707306E+02
1.41758362E+02
1.41707306E+02
1.41707306E+02
1.42366425E+02
1.42879074E+02
1.42879074E+02
1.42073486E+02
1.42000259E+02
1.41267899E+02
1.41487595E+02
1.41487595E+02
1.41927017E+02
1.42073486E+02
1.42073486E+02
1.42000259E+02
1.41780548E+02
1.41853775E+02
1.41927017E+02
1.42219955E+02
1.42439667E+02
1.41927017E+02
1.41487595E+02
1.41634064E+02
1.41853775E+02
1.42073486E+02
1.42219955E+02
1.42073486E+02
1.42586136E+02
1.42732605E+02
1.42659378E+02
1.42439667E+02
1.42293198E+02
1.42146729E+02
1.41780548E+02
1.41560837E+02
1.41853775E+02
1.42219955E+02
1.42219955E+02
1.42219955E+02
1.42366425E+02
1.42586136E+02
1.42293198E+02
1.42000259E+02
1.42146729E+02
1.42293198E+02
1.41487595E+02
1.41853775E+02
1.41927017E+02
1.42219955E+02
1.42366425E+02
1.42366425E+02
1.42073486E+02
1.42146729E+02
1.41634064E+02
1.41780548E+02
1.42000259E+02
1.42366425E+02
1.42805847E+02
1.42647720E+02
1.42659378E+02
1.42219955E+02
1.41194656E+02
1.40828491E+02
1.40535553E+02
1.39951035E+02
1.39019791E+02
1.38027023E+02
1.37528198E+02
1.36858078E+02
1.36027451E+02
1.35176651E+02
1.34604111E+02
1.34034195E+02
1.33680206E+02
1.33537674E+02
1.33466415E+02
1.33466415E+02
1.33459030E+02
1.33391296E+02
1.33161301E+02
1.32894592E+02
1.32397522E+02
1.31756195E+02
1.31114853E+02
1.30330994E+02
1.29262100E+02
1.28406998E+02
1.27266846E+02
1.26981804E+02
1.26768028E+02
1.26340469E+02
1.25556618E+02
1.25129044E+02
1.24772758E+02
1.24416458E+02
1.24131424E+02
TERM
